A;52.7;53.23;52.26;53.15;1368626;72467587
AA;33.85;34.16;33.19;33.65;3185118;107470426
AAC;8.2;8.44;8.15;8.43;111476;926346
AAP;143.75;144.6525;142.36;142.56;649856;93082331
AB;22.4;22.9;22.3483;22.85;254092;5765679
ABB;23.39;23.44;23.29;23.31;1872548;43771188
ABBV;65.03;65.195;64.65;65.08;3912151;254264839
ABC;87.26;87.69;86.85;87.63;1220132;106622570
ABM;41.9;42.14;41.64;42.1;186154;7814721
ABT;43.81;43.81;43.35;43.67;5691244;247948281
ABX;19.37;19.39;19.15;19.28;6929571;133384426
AC;34.3348;34.525;34;34.1;19197;658440
ACH;12.83;12.87;12.78;12.85;22774;292367
ACM;35.01;35.66;34.9;35.39;451842;15950793
ACN;117.68;117.93;116.76;116.81;1720235;201377512
ACP;14;14.05;13.895;14.03;84292;1178128
ACV;20.73;20.77;20.47;20.5;86227;1782536
ADC;47.76;48.65;47.76;48.49;116841;5637901
ADM;45.17;45.46;44.92;45.25;2108143;95427172
ADNT;66.16;66.82;65.53;66.62;1161651;77067784
ADS;250.96;254.72;250.1;253.36;319624;80875621
ADX;13.7;13.76;13.694;13.75;154441;2121073
AEE;55.04;55.16;54.595;54.71;2018009;110445757
AEG;4.95;5.01;4.93;5;1396378;6965354
AEM;44.54;45.01;44.22;44.92;1031915;46159763
AEO;13.18;13.65;13.18;13.3;4252383;56969372
AEP;67.62;67.77;67.36;67.62;1754920;118673765
AER;44.49;45.1;43.71;44.16;2632306;116317992
AES;11.17;11.31;11.14;11.17;5077480;56865556
AET;127.08;129;127.08;128.84;1916417;245960182
AEUA;43.86;44.51;43.86;44.1;2375;104957
AFB;13.32;13.38;13.32;13.38;62126;828886
AFC;25.79;25.85;25.7304;25.85;2295;59197
AFG;94.07;94.97;93.77;94.72;168569;15939799
AFL;72.63;73.29;72.22;72.95;3138822;229083270
AG;8.61;8.8;8.59;8.72;2698878;23503984
AGC;6.07;6.11;6.07;6.11;135928;826917
AGCO;60.6;61.54;60.53;61.38;360197;22040887
AGI;8.12;8.14;7.89;7.95;1580482;12622867
AGM;55.19;55.77;54.151;55.29;70680;3887375
AGN;237.77;239.97;237.15;238.34;1254735;299172929
AGO;36.85;38.1;36.7;38.05;1681242;63290773
AGR;43.59;43.59;43.05;43.1;330790;14273337
AGRO;11.03;11.18;10.96;11.12;657106;7261501
AGU;93.98;94.4;93.61;93.93;220880;20750328
AGX;65.7;65.85;62.9185;64.25;172659;11040135
AHC;5.8;5.95;5.8;5.8;12778;74578
AHP;10.43;10.81;10.36;10.78;250745;2679057
AHT;6.24;6.42;6.17;6.38;599997;3801672
AI;13.98;14.145;13.9;14.11;271670;3814821
AIG;61.5;62.07;61.39;61.84;3454630;213605658
AIN;45.7;45.8;45.25;45.65;62260;2839309
AIR;33.53;33.53;32.96;33.48;168287;5613651
AIT;61.45;61.45;60.4;60.8;133115;8091517
AIV;44.57;44.92;44.36;44.86;1089939;48720401
AJG;56.09;56.5;55.731;56.4;582810;32830106
AJRD;21.15;21.43;20.98;21.35;306467;6516084
AKOA;22.98;22.98;22.98;22.98;943;21670
AKOB;24.44;24.45;23.8;24.27;28994;704105
AKP;13.26;13.34;13.26;13.32;27013;359667
AKR;29.67;29.96;29.51;29.92;392083;11712638
AKS;6.85;7.23;6.76;7.06;25958329;183199693
AL;37.31;37.71;36.545;37.2;1141602;42323960
ALB;105.33;106.17;104.9;106.03;602220;63687376
ALDW;9.05;9.102;8.65;8.83;120517;1066156
ALE;67.84;68.55;67.44;68.44;125357;8553149
ALEX;43.79;44.45;43.5;44.4;53481;2365938
ALG;73.07;74.66;73;74.36;19801;1468760
ALK;90.28;90.71;89.09;89.43;1334071;119617534
ALL;81.45;81.6;81.05;81.44;1329752;108212725
ALLE;74.42;75.2974;74.11;74.7;442895;33186176
ALR;43.63;43.63;42.36;43;1311301;56125080
ALV;97.48;97.77;96.416;96.48;419720;40682867
ALX;431.46;431.46;426.25;427.74;4519;1937607
AM;33.74;33.95;33.561;33.82;209866;7095088
AME;53.73;54.43;53.66;54.21;924191;50039836
AMG;159.35;161.76;158.73;160.63;199965;32127307
AMH;23.47;23.685;23.4;23.63;1698389;40023447
AMN;39.5;39.6;39.2;39.6;670000;26428318
AMP;127.74;129.99;126.93;129.73;399491;51598251
AMRC;6.35;6.35;6.1;6.25;51012;317844
AMT;120.72;122.08;120.44;121.95;1629805;198273490
AMX;14.26;14.3;14.085;14.15;2036165;28852694
AN;39.79;41.03;39.13;40.32;1998651;80616089
ANF;10.74;11.03;10.58;10.63;3982442;42729514
ANH;5.49;5.56;5.45;5.56;476518;2632310
ANW;12;12.45;11.9;12.3;377190;4624701
AOD;8.17;8.235;8.17;8.2;260207;2135959
AON;119.24;119.78;118.38;119.39;635719;75893803
AOS;49.82;50.15;49.51;49.89;1266593;63067521
AP;13.4;14.15;13.15;13.55;26887;366529
APA;52;53.28;51.83;52.96;2855805;150923051
APB;12.11;12.15;12.1;12.15;6190;75028
APC;63.12;63.61;62.55;62.89;2365597;148999133
APD;135.48;135.83;135;135.19;725327;98160557
APF;15.483;15.5;15.46;15.5;10156;157394
APH;69.51;70.24;69.35;69.93;697168;48733549
APU;47.47;47.7;47.11;47.18;153959;7300783
ARA;17.3;17.81;16.96;17.71;57546;1010576
ARCH;73.2;75.32;73.09;74.7;462930;34540645
ARCO;7.95;7.95;7.75;7.8;357684;2783098
ARD;21.3;22.18;21;21.14;70780;1507414
ARE;111.17;112.54;110.62;112.18;707579;79286535
ARI;18.7;18.795;18.6768;18.79;578013;10832388
ARNC;25.83;26.24;25.78;26.16;1455607;37969872
ARR;22.99;23.13;22.79;23.11;298941;6871409
ARW;71.14;71.38;70.715;71.1;326778;23219170
ASA;12.36;12.4199;12.29;12.37;53559;661599
ASC;7.75;7.875;7.6715;7.8;63465;495396
ASG;4.52;4.54;4.52;4.53;72952;330330
ASGN;46.25;46.87;45.82;46.39;197195;9149818
ASH;124.58;124.98;123.875;124.94;365368;45512595
ASR;181.97;183.82;181.13;183.24;33966;6194854
ASX;6.51;6.51;6.41;6.44;527217;3391955
AT;2.65;2.65;2.6;2.65;277387;729184
ATEN;8.8;8.895;8.53;8.89;236664;2077511
ATH;50.95;51.86;50.64;51.81;1619543;83464371
ATHM;31.36;31.605;30.49;30.53;582228;17969690
ATI;17.52;17.94;17.38;17.74;1210335;21427101
ATO;80.17;80.44;79.43;80.35;176823;14179570
ATR;75.94;76.54;75.49;76.53;241520;18405785
ATU;25.35;25.85;25.3;25.7;280857;7196449
ATV;8.95;9.123;8.95;9.123;500;4523
ATW;9.36;9.47;9.26;9.39;2025535;18988862
AU;11.94;11.97;11.72;11.85;2076354;24608873
AUO;3.845;3.86;3.83;3.84;2744362;10552471
AUY;2.84;2.85;2.81;2.84;3475680;9850603
AVA;39.12;39.487;38.98;39.41;181148;7121739
AVB;185.13;186.37;184.44;185.83;417811;77630974
AVD;16.8;17.15;16.35;16.85;105909;1782374
AVP;4.32;4.45;4.3;4.38;6756048;29515345
AVT;44.68;45.02;44.39;44.8;816058;36553347
AVX;16;16.06;15.88;16.02;137874;2203689
AVY;80.14;80.14;79.5;79.85;408812;32634387
AWF;12.52;12.56;12.515;12.56;125074;1567703
AWK;78.06;78.2899;77.34;77.94;537691;41839421
AWR;44.1;44.1;43.45;43.92;73365;3213410
AXE;78.1;79.55;77.65;79.25;69802;5508436
AXL;16.98;17.35;16.9;17;1525763;26081150
AXP;77.76;78.3;77.15;77.92;2479442;193073326
AXR;6.2972;6.41;6.2;6.31;2550;15919
AYI;170.5;172.65;169.53;172.57;786045;134892208
AZN;30.3;30.605;30.25;30.44;3691379;112258409
AZO;705.23;707.16;700;702.29;160465;112914498
AZZ;58.6;58.8;57.8;58.1;70612;4107170
B;50.31;51.42;50.26;51.12;124856;6362434
BA;177.56;178.22;177.12;177.37;1955210;347306391
BABA;107.59;108.42;107.15;108.04;4527376;488421576
BAC;23.17;23.46;22.96;23.26;80423517;1871146109
BAF;14.3;14.4;14.3;14.39;20675;296995
BAK;20.86;21.04;20.66;20.77;462615;9664410
BAM;36.88;37.01;36.76;36.86;544654;20087265
BAP;163.74;164.33;161.24;161.72;279672;45412795
BAX;52.42;52.53;52.0965;52.53;2357345;123400791
BBD;10.12;10.295;9.95;10.06;10475355;106077213
BBF;14.95;15;14.9;14.98;21532;322205
BBG;4.23;4.36;4.21;4.28;1360313;5822441
BBK;15.06;15.13;15.06;15.1;16278;245703
BBT;43.89;44.3757;43.62;44.31;4420474;195163916
BBVA;7.55;7.62;7.54;7.56;2078018;15735731
BBW;8.5;8.7;8.45;8.6;116511;993993
BBY;48.33;48.83;47.88;47.99;4036027;194851649
BC;58.37;58.67;57.57;58.34;635297;36954305
BCC;28.95;29.5;28.4;29.25;347856;10063838
BCE;44.62;44.68;44.431;44.55;1184375;52813035
BCEI;0.925;0.98;0.92;0.945;1238984;1175020
BCH;74.37;75.02;73.895;74.08;43610;3248453
BCO;53.4;54.6;53.1;53.9;251283;13563118
BCR;248.54;249.92;247.51;249.03;299783;74667980
BCS;10.74;10.82;10.71;10.76;2600556;27990359
BCX;8.67;8.74;8.65;8.65;146776;1277557
BDN;16.39;16.64;16.26;16.6;1362225;22566376
BDX;183.08;183.8;182.34;183.4;502954;92177465
BEN;41.45;42.05;41.1;41.96;1527184;63858102
BEP;29.73;30.01;29.62;29.99;27867;831525
BFK;14.01;14.07;14.01;14.05;70182;985424
BFR;19.27;19.4;19.01;19.09;124848;2391243
BFS;62.8;62.8;61.775;62.3;73979;4609372
BFZ;14.28;14.31;14.23;14.25;68602;978071
BG;75.28;77.11;75.01;77.05;2068475;158111419
BGC;17.15;17.75;17.15;17.7;313154;5492483
BGG;21.33;21.5;21.24;21.47;107353;2299877
BGR;13.87;13.95;13.81;13.88;87618;1216016
BGY;5.79;5.85;5.79;5.84;373622;2178304
BH;428.03;437.7;420.07;428.51;4157;1792767
BHE;30.95;31.3;30.7;31.15;201835;6274403
BHI;60.69;61.105;60.475;60.94;1257356;76553263
BHK;13.49;13.5811;13.48;13.57;77500;1047776
BHP;37.4;37.59;36.9964;37.16;2007085;74812070
BID;44.08;45.65;44.075;45.64;499263;22589410
BIF;9.3;9.34;9.2942;9.32;98394;916815
BIP;38.23;38.31;38.04;38.07;444705;16940242
BITA;24.06;24.6;23.58;23.88;471705;11274945
BJZ;15.07;15.0969;15.04;15.04;12834;193232
BK;46.96;47.49;46.67;47.31;2915609;137673601
BKE;16.4;17.4;16.4;16.75;638552;10816977
BKFS;38.15;38.8;38.15;38.65;120497;4652882
BKH;67.35;67.67;66.91;67.58;195868;13202323
BKN;14.56;14.62;14.56;14.62;7255;105955
BKS;8.9;9.1;8.8;8.9;704681;6303712
BKT;6.2;6.22;6.2;6.22;89031;553473
BLH;14.85;14.92;14.81;14.88;7829;116233
BLK;381.25;385.44;380.24;384.1;228198;87567872
BLL;72.64;73.03;72.33;72.4;1217214;88326531
BLX;27.77;28.13;27.72;27.93;75783;2117251
BMA;87.45;89.45;86.34;86.79;56437;4939726
BMO;74.31;74.8232;74.01;74.44;289069;21520859
BMS;48.22;48.29;47.92;48.25;436915;21041410
BMY;53.05;53.53;52.51;53.29;6464805;344152321
BNJ;14.81;14.95;14.8;14.95;10230;152008
BNS;58.34;58.97;58.25;58.7;740381;43469365
BNY;14.44;14.47;14.4;14.4;6372;91982
BOE;12.41;12.55;12.41;12.54;385636;4814622
BOH;79.26;80.61;78.78;80.26;106379;8517790
BORN;1.14;1.14;1.12;1.13;7617;8581
BOX;17.03;17.03;16.38;16.82;2335048;39025941
BP;34.58;34.93;34.5338;34.73;3961751;137576301
BPI;10.92;11.48;10.88;11.46;108913;1232792
BPK;15.06;15.07;15.04;15.07;46409;698800
BPL;68.56;69.42;68.35;69.39;394347;27214265
BPT;21.75;22.65;21.6;22.25;289284;6409956
BPY;22.16;22.22;22.0291;22.19;71301;1578489
BQH;14.19;14.2692;14.18;14.2352;4918;70006
BR;66.94;67.01;66.5024;66.95;271216;18140136
BRC;37.4;37.45;36.875;37.3;192147;7153785
BRFS;12.21;12.26;11.99;12.06;2013083;24347615
BRKA;249099;250463.4569;248000;250290;145;36178792
BRKB;165.64;166.995;165.02;166.47;3131731;520768086
BRO;41.55;41.96;41.28;41.83;409802;17123660
BRS;14.38;14.71;14.12;14.64;316524;4596748
BRT;8.369;8.44;8.36;8.44;8603;72037
BSD;13.42;13.49;13.42;13.49;5987;80652
BSE;13.23;13.23;13.1926;13.23;5964;78852
BSX;24.42;24.66;24.29;24.6;8444598;207226602
BT;19.69;19.78;19.64;19.68;446886;8805457
BTE;3.43;3.48;3.39;3.46;1949797;6700577
BTO;33.78;34.1572;33.56;34.12;48329;1640873
BVN;12.49;12.55;12.171;12.34;689047;8463182
BW;9.01;9.22;8.93;9.1;742530;6745468
BWA;38.15;38.35;37.66;37.99;2751777;104482520
BWG;12.81;12.87;12.74;12.78;43931;562594
BWP;18.4;18.61;18.294;18.6;444112;8217069
BX;29.45;30.12;29.4;29.76;2598693;77502005
BXE;0.81;0.81;0.7754;0.7817;319426;249719
BXP;133.96;134.72;133.4;134.56;420083;56441287
BXS;29.7;30.175;29.45;30.05;520197;15583170
BYD;21.36;21.83;21.3;21.82;851616;18465683
BYM;13.95;14.03;13.9361;13.96;29147;407518
BZH;11.69;11.93;11.59;11.77;393038;4633425
C;59.44;60.23;59.0099;59.89;12881101;769951117
CAB;53;53.41;52.76;53.37;114562;6085971
CAE;15.28;15.31;15.09;15.16;143199;2173658
CAF;19.48;19.54;19.37;19.54;76558;1490446
CAG;40.39;40.64;40.25;40.495;1772060;71713248
CAH;81.4;82.75;80.86;82.71;2101096;172870351
CAI;15.02;15.705;14.8333;15.62;82423;1271710
CAJ;31.26;31.32;31.19;31.3;140304;4387551
CAL;24.95;25.67;24.905;25.45;285190;7241462
CAT;94.42;96.42;94.26;95.82;4498607;430776793
CB;137.18;137.98;136.4;137.59;1174691;161634786
CBB;17.35;17.6;17.1;17.3;434814;7531135
CBD;19.08;19.33;18.77;18.91;415553;7883191
CBI;30.36;30.77;30.355;30.42;841744;25657054
CBK;1.33;1.37;1.32;1.34;99187;133665
CBL;9.02;9.11;8.905;9.11;3031006;27407394
CBM;56.35;56.75;55.7001;56.5;274676;15482652
CBR;0.33;0.34;0.305;0.3114;1848455;582165
CBS;69.44;69.44;68.58;68.88;2051755;141474893
CBT;58.59;59.03;58.28;58.96;291950;17141606
CBU;52.76;53.54;52.1;53.44;126672;6741687
CBZ;13.95;14.05;13.9;14;296202;4144559
CC;37.38;38.06;36.78;37.715;1331572;50001504
CCC;14;14.125;13.85;14.05;119684;1677612
CCE;37.41;37.48;37.09;37.1;1240816;46228028
CCI;93.6;94.49;93.38;94.38;1774156;167100811
CCJ;10.92;11.16;10.85;11.12;2302265;25471239
CCK;52.97;53.23;52.64;53.01;1195783;63354114
CCL;58.63;59.36;58.29;59.06;3135103;184844051
CCU;25.24;25.55;25.24;25.32;125591;3189475
CDE;8.41;8.59;8.335;8.5;2414812;20450456
CDI;8.15;8.2;8.1;8.2;12879;105276
CDR;5.03;5.18;4.95;5.15;389766;1997261
CE;91.45;92.21;90.71;91.53;788324;72270385
CEA;29.2;29.2;28.82;29.1;10228;296186
CEE;21.25;21.55;21.25;21.52;19220;412158
CEL;10.44;10.45;10.28;10.29;6447;67073
CEN;12.68;12.84;12.6737;12.84;57998;739601
CEO;122.5;122.5;121.12;121.48;61975;7531999
CEQP;26.6;27.2;26.1;27.2;141013;3788359
CF;28.85;29.705;28.76;29.66;3239516;95449117
CFI;30.85;31.3;30.85;31.15;26472;823651
CFR;87.85;89.7;86.97;89.23;325331;28847955
CGA;1.26;1.28;1.24;1.26;58069;73230
CGG;7.08;7.08;6.9;6.95;1880;13066
CGI;5.5;5.8;5.2152;5.6;814845;4492463
CHA;49.93;49.93;49.6499;49.75;24596;1223410
CHD;49.57;49.86;49.51;49.76;1476310;73455368
CHH;62.3;62.95;62.3;62.8;162651;10186461
CHK;6.19;6.4;6.16;6.28;51714794;325422069
CHKR;2.75;2.75;2.7;2.75;27179;74158
CHL;55.57;55.57;55.18;55.21;374402;20694661
CHMI;17.25;17.4;17.17;17.27;178013;3080661
CHMT;33.35;33.4;33.35;33.4;217182;7249371
CHN;17.03;17.2;16.95;17.05;34521;589038
CHS;12.9;13.47;12.9;13.245;2449870;32533745
CHU;13.5;13.5;13.28;13.45;766332;10286354
CI;149.91;151.4;148.75;151.21;976749;147133142
CIA;7.1;7.1;6.76;6.88;214238;1481832
CIB;40.72;41.22;40.38;40.39;214062;8699995
CIE;0.44;0.48;0.4295;0.4763;6483530;2973111
CIEN;21.98;22.4;21.95;22.07;3139803;69668065
CIF;2.66;2.66;2.6399;2.66;67907;179773
CIG;3.09;3.13;3.02;3.035;3785749;11597860
CIM;20.21;20.27;20.05;20.24;1218919;24602967
CIR;57.42;58.701;57.18;58.5;106116;6165484
CKH;64.93;65.74;64.53;65.56;74578;4874966
CL;73.4;73.7;72.96;73.13;3633590;265973079
CLB;114.83;116.01;114.83;115.83;174461;20156295
CLD;4.73;4.83;4.67;4.78;913804;4344585
CLF;8.21;8.62;8.04;8.45;15192143;127250499
CLGX;40.05;40.28;39.76;40.25;281361;11293684
CLH;55.42;56.62;55.11;56.62;356353;19974864
CLI;26.92;27.09;26.7;27.03;794795;21408325
CLNS;12.75;12.8;12.525;12.66;11414568;144202568
CLR;46.34;46.9;45.9281;46.26;1745068;80942855
CLS;14.67;14.74;14.3375;14.43;317194;4600037
CLX;134.27;134.49;132.84;132.95;877554;116932256
CM;85.71;86.38;85.26;86.11;591798;50930442
CMA;67.14;68.32;66.48;68.01;1163901;78660390
CMC;18.28;18.56;17.97;18.34;1729405;31673744
CMD;75.9;76;74.11;74.55;227468;16961797
CMG;452.85;455.18;448.79;450.29;358794;162009756
CMO;10.46;10.58;10.41;10.58;389696;4096988
CMRE;6.2;6.41;6.165;6.33;547561;3456755
CMS;45.11;45.22;44.92;45.1;1328044;59877747
CMU;4.58;4.64;4.58;4.64;72329;332633
CNA;43.76;44;43.03;43.87;125561;5499098
CNI;73.61;74.22;73.47;73.88;734603;54328764
CNO;20.41;20.93;20.31;20.92;1156420;24046912
CNP;27.77;27.93;27.65;27.9;2727756;75948341
CNQ;33.34;33.59;33.21;33.41;1403001;46803080
CNX;16.76;17.2;16.7;17.055;2076378;35342771
CODI;16.75;16.8;16.55;16.75;125480;2095054
COF;83.93;84.75;82.55;84.23;3921341;329084145
COG;24.5;25.01;24.41;24.99;4425457;110052858
COH;39.48;40.36;39.34;40.04;4152434;166077025
COL;99.56;100.1401;98.8913;99.88;2104550;209749760
COO;197;197.11;194.29;197.04;217077;42668389
COP;49.39;49.97;49.16;49.81;6218449;309172651
COR;91.19;92.09;90.525;91.95;245757;22507158
COT;12.03;12.3;12.02;12.21;706818;8613101
CP;149.58;150.87;149.5;150.25;476669;71663154
CPA;112.93;115.22;112.02;115.08;284204;32449375
CPB;56.65;56.75;56.3758;56.59;934050;52833081
CPE;13.27;13.47;13.17;13.28;4309528;57354199
CPF;29.82;30.25;29.6;30.12;68461;2054369
CPG;10.79;11;10.7768;10.89;617006;6729431
CPK;69.85;70.2;68.83;70.05;18558;1296371
CPL;16.48;16.575;16.38;16.39;218506;3596017
CPN;11;11;10.75;10.87;2213391;24037769
CPT;81.1;81.5927;80.54;81.28;606920;49306520
CR;74.28;75.25;73.75;74.82;112117;8372716
CRC;14.39;15.11;14.39;14.77;1180743;17458468
CRH;34.48;34.67;34.375;34.45;430094;14848160
CRI;88.69;89.7;88.58;89.03;320793;28568473
CRK;9.05;9.25;8.95;9.21;324276;2968406
CRL;87.61;87.78;86.8;87.75;207699;18152481
CRM;85.42;85.45;84.37;85;4532248;384716981
CRR;11.4;11.59;11.17;11.29;680215;7718040
CRS;36.45;36.96;36.06;36.46;126886;4628561
CRT;15.01;15.2965;15.01;15.22;7220;109768
CRY;15.8;16.25;15.6;16.15;156793;2501816
CS;14.47;14.58;14.42;14.47;3681775;53365010
CSL;103.87;104.63;102.84;104.24;322986;33595413
CSS;24.7;24.94;24.5101;24.69;6274;154897
CST;48.28;48.33;48.21;48.32;261089;12609699
CSTM;5.95;6.075;5.9;5.95;538092;3217687
CSU;13.81;14.05;13.52;14;159423;2213473
CSV;26.28;26.48;26.08;26.32;106274;2792605
CTB;43.1;43.65;42.8;43.55;468528;20317829
CTL;24.25;24.65;24.14;24.46;7218458;176549372
CTS;19.95;20.5;19.75;20.45;75615;1534923
CTV;25.52;25.69;25.52;25.64;29913;766700
CTX;25.25;25.295;25.23;25.24;41878;1057453
CUB;49.1;49.1125;48.55;48.95;129223;6314507
CUZ;8.26;8.37;8.23;8.35;2766259;23067656
CVA;15.5;15.8;15.35;15.75;1466417;22967349
CVE;11.34;11.38;11.195;11.28;5166169;58266446
CVEO;2.89;3.09;2.89;3.05;796026;2412371
CVG;20.95;21.24;20.9;21.21;647181;13687637
CVI;18.53;18.63;17.66;17.87;1139674;20593369
CVO;4.6582;4.7831;4.51;4.51;8175;37981
CVS;77.18;77.225;76.6;77.01;5766950;443703622
CVX;109.12;109.65;108.75;109.29;3337966;364672918
CW;88.75;89.6396;88.04;89.42;132508;11823730
CWEI;131.74;133.75;131.573;133.03;47081;6254737
CWT;35.95;36.025;35.25;36;141707;5075108
CX;9.34;9.475;9.2325;9.26;9161318;85678929
CXE;5.04;5.12;5.04;5.08;135182;687024
CXH;9.67;9.69;9.67;9.69;8303;80406
CXO;128.12;130.17;127.52;129.99;789695;102321548
CXP;22.51;22.8;22.39;22.79;403397;9148639
CXW;31.32;31.97;31.16;31.9;458135;14548796
CYD;18.12;18.84;18.0492;18.65;107594;2008070
CYH;9.04;9.1199;8.81;8.94;2677514;23925473
CYS;7.97;8.085;7.93;8.08;1339111;10744361
CZZ;8.89;8.985;8.71;8.74;962167;8490524
D;78;78.3646;77.75;78.21;2564585;200394316
DAC;1.65;1.8;1.6;1.8;75726;127385
DAL;45.12;45.66;44.87;45.26;5654780;256146525
DATA;49.78;50.86;49.2401;50.83;1077608;54188666
DB;16.59;16.76;16.5225;16.6;4526926;75341643
DBD;28.55;29;28.45;29;794688;22853423
DCI;44.56;45.33;44.56;45.16;294958;13297149
DCM;23.69;23.69;23.54;23.59;163445;3854203
DCO;28.23;28.78;28.03;28.42;69449;1967843
DCP;39.42;39.52;38.9;39.1;322208;12620992
DD;80.59;81.14;80.22;80.64;1625355;131185726
DDD;14.31;14.46;14.12;14.43;1108759;15883045
DDE;1.05;1.05;1.0499;1.0499;2400;2520
DDF;10.329;10.35;10.32;10.3397;14728;152215
DDR;12.26;12.3;12.13;12.26;5054912;61830615
DDS;49.78;51.97;49.46;50.95;632894;32378830
DE;109.62;110.89;109.2;110.44;1389809;153405891
DECK;56.86;57.67;55.9;55.95;816716;46109497
DEL;74.94;76.23;74.41;76.21;12296;932891
DEO;114.9;115.76;114.9;115.25;356361;41125655
DF;19.33;19.56;19.125;19.4;1345927;26062850
DFS;66.08;66.89;65.26;66.53;2848228;188928545
DG;68.9;70.52;68.58;69.55;2254256;157420727
DGI;32.85;33.35;32.75;33;302981;9987980
DGX;97.9;97.94;96.97;97.86;574368;56033150
DHF;3.39;3.4;3.38;3.39;184087;623358
DHI;33.2;33.46;33.07;33.29;2373462;78981208
DHR;85.6;86.2799;84.98;86.13;1444788;124050938
DHT;4.38;4.5199;4.38;4.5;644000;2874353
DIS;112.85;113.4201;112.39;113.05;3665487;414287303
DK;22.68;22.93;22.08;22.53;965629;21680066
DKL;31.2;31.6;31.1;31.35;9606;301274
DKS;48.48;49.97;48.43;49.69;2697106;133844591
DL;10.15;10.42;10.15;10.16;19519;199771
DLB;51.18;51.45;50.72;51.07;209609;10714544
DLR;106.97;108.32;106.34;108.23;744059;80281263
DLX;67.97;68.66;67.21;68.46;326883;22221995
DNB;106.97;107.55;106.39;106.85;327930;35071044
DNOW;17.26;17.79;17.18;17.68;995764;17528947
DNP;10.83;10.83;10.8;10.83;310017;3354599
DNR;2.46;2.52;2.42;2.52;8494494;21001891
DO;16.12;16.345;15.94;16.31;1951312;31629300
DOV;80.19;81.34;79.815;80.67;793610;64061540
DOW;63.5;64;63.36;63.61;3314079;211048298
DPS;96.52;97;96.09;96.24;900253;86716324
DPZ;185.11;186.94;184.51;186;311119;57822931
DQ;18.91;19.81;18.82;19.65;93705;1829572
DRD;5.02;5.04;4.97;5.02;261884;1310649
DRE;27.04;27.33;26.89;27.28;1549581;42154638
DRH;10.86;11.02;10.76;11.005;1240548;13523976
DRI;82.71;83.625;82.3782;83.39;1186856;98816646
DRQ;53.55;53.95;53.2;53.7;526871;28242517
DS;3.97;4.06;3.96;4.05;249665;998778
DSL;20.25;20.32;20.21;20.28;265655;5385296
DSM;8.39;8.43;8.39;8.42;79175;665529
DST;120.1;121.855;120.1;121.15;168339;20396734
DSU;11.52;11.54;11.51;11.54;90510;1043975
DSX;4.94;5.65;4.94;5.28;1531730;8143368
DTE;102.78;103.19;102.37;102.97;517811;53289548
DTF;14.91;14.95;14.9;14.91;5366;80068
DUC;9.22;9.244;9.21;9.21;14905;137404
DUK;82.66;82.87;82.37;82.59;1903524;157234965
DV;35.45;35.925;34.95;35.75;784005;27923451
DVA;67.39;67.79;67.09;67.76;566313;38275611
DVD;2.05;2.15;2.05;2.1;14317;30104
DVMT;64.12;64.49;63.85;64.2;1789300;114792604
DVN;41.92;43.16;41.75;42.88;6257158;267131144
DX;6.78;6.89;6.72;6.89;409379;2786728
DXB;24.91;24.93;24.8654;24.93;74081;1845160
DY;93.06;94.99;92.81;94.67;400531;37779777
E;32.37;32.55;32.25;32.37;106154;3438629
EARN;14.65;14.74;14.62;14.74;9746;143091
EAT;41.73;42.89;41.49;42.64;1233596;52375744
EBF;15.8;16;15.7;15.9;69467;1101113
EBR-B;6.67;6.73;6.44;6.51;35401;232487
EBS;28.39;28.54;27.94;28.54;245340;6958188
EC;9.5;9.59;9.435;9.47;1098181;10444802
ECA;11.78;12;11.72;11.83;8660562;102621012
ECL;124.88;125.78;124.78;125.22;571839;71679178
ECT;2.1;2.1;2.05;2.075;29018;60321
ED;78.37;78.4999;77.98;78.33;827353;64733745
EDF;16.08;16.23;16.02;16.04;108908;1755291
EDU;60.66;61.96;60.28;61.45;594228;36366114
EE;50.7;51.05;50.6;51;153857;7827833
EEP;19.11;19.64;19.07;19.36;1393080;26989733
EEQ;18.59;19;18.49;18.87;257801;4860923
EFC;15.6;15.78;15.6;15.76;24287;380796
EFT;15.07;15.12;14.97;15.04;125212;1882407
EFX;136.24;136.43;135.07;136.07;231429;31459516
EGN;54.07;54.78;53.66;54.65;757598;41188934
EGO;3.44;3.51;3.43;3.45;3631090;12596671
EGP;74.47;75.75;74.09;75.35;220230;16518505
EGY;0.88;0.932;0.87;0.923;181068;162202
EHI;10.07;10.12;10.03;10.06;112272;1132009
EIX;80.31;80.8;80.03;80.46;1822873;146677457
EL;84.86;85.6;84.29;84.37;1628829;137934955
ELLI;103.31;103.72;102.65;103.5;235938;24370269
ELP;9.97;10.1;9.675;9.7;408131;4022132
ELY;11.32;11.35;11.23;11.3;731042;8259842
EMD;15.46;15.49;15.415;15.42;193260;2988956
EME;62.02;62.96;62.02;62.5;175318;10950872
EMES;13.44;13.69;13.18;13.47;513688;6916750
EMF;14.19;14.3;14.161;14.27;61120;870613
EMN;79.82;80.49;79.67;80.21;692470;55496269
EMO;13.67;13.8;13.6;13.78;89114;1221064
EMR;59.53;59.95;59.27;59.69;2705437;161276975
ENB;41.66;42.2264;41.56;42.16;2534429;106424348
ENIA;10.56;10.71;10.51;10.6;874872;9305158
ENO;25.0046;25.06;24.9104;24.99;14652;366352
ENR;55.73;57.63;55.68;57.62;668609;38226582
ENZ;7.99;8.13;7.825;8.13;332126;2656397
EOG;97.97;98.81;97.5597;98.05;1455908;142872497
EOS;13.55;13.59;13.52;13.56;109673;1486347
EPC;69.93;70.67;69.69;70.22;621814;43633232
EPD;27.5;27.92;27.5;27.83;3570459;99256110
EPR;73.65;74.34;73.48;74.28;178257;13197421
EQR;62.96;63.21;62.48;62.9;1035101;65134606
EQS;2.48;2.48;2.4547;2.47;11266;27896
EQT;62.62;63.63;62.4;63.49;1912565;121183616
ERJ;21.51;22.08;21.27;22.01;1367914;29918487
ESE;57.7;58.2;57.4;57.75;69675;4023691
ESL;83.65;85.3;83.35;85.2;60088;5095534
ESS;230.9;232.87;229.72;232.23;246996;57315804
ESV;8.96;9.3438;8.9;9.31;7297257;67354982
ETE;19.34;19.7;19.25;19.43;5159174;100402404
ETH;29.55;30.5;29.55;30.45;380239;11487262
ETJ;9.13;9.17;9.11;9.17;222935;2038546
ETM;13.9;14.125;13.7;14.1;158895;2220240
ETN;74.84;75.25;74.5;74.73;1370846;102556076
ETP;36.35;36.86;36.3;36.49;2436775;89154642
ETR;75.8;76.07;75.4;75.88;804017;61007474
EURN;7.7;7.85;7.675;7.85;315048;2452803
EV;43.61;43.81;42.88;43.65;729628;31727979
EVC;6.2;6.3;6.175;6.3;133115;830441
EVF;6.75;6.75;6.7;6.74;95456;641975
EVG;14.1;14.1;14.05;14.08;50392;709410
EVHC;60.32;60.56;59.48;60.44;845649;50840788
EVN;13.02;13.11;12.99;12.99;34635;451518
EW;92.94;93.43;92.44;93.4;741578;69033388
EXC;36;36.335;35.74;36.27;5145887;186130840
EXK;3.52;3.61;3.47;3.58;1469657;5224723
EXP;94.16;95.7199;94.16;95.33;301312;28634204
F;11.27;11.36;11.22;11.27;34552865;390137111
FAF;38.18;38.21;37.85;38.01;423052;16091497
FBC;27.88;28.15;27.63;28.06;112327;3144906
FBP;5.56;5.695;5.53;5.66;1266745;7128948
FBR;9.34;9.345;9.12;9.18;1223466;11286111
FC;20.7;20.7;20.15;20.65;53381;1091782
FCAU;10.3;10.35;10.24;10.27;5784991;59532335
FCF;12.73;12.97;12.63;12.93;271664;3495404
FCFS;48.25;48.55;47.85;48.5;184487;8916806
FCH;7.27;7.37;7.22;7.37;673731;4936231
FCN;40.96;41.3;40.65;41.17;162450;6671652
FCX;13.53;13.72;13.35;13.56;12323771;167063937
FDC;14.85;14.93;14.76;14.86;2785064;41324226
FDP;59.52;59.78;59.11;59.43;135687;8059579
FDS;161.13;162.82;160.4501;161.13;302813;48947343
FDX;196;197.26;195.64;195.99;1107043;217173872
FE;31.66;31.82;31.6;31.76;2515444;79848058
FF;14.04;14.1;13.85;14.01;46385;648365
FFC;20.54;20.68;20.53;20.57;56966;1173285
FFG;63.85;64.6;63.5;64.55;11513;739164
FGP;6.02;6.14;6;6.13;216653;1317211
FICO;125.87;127.78;125.71;127.73;85392;10866491
FIF;19.16;19.32;18.9946;19.18;35627;684041
FII;26;26.34;25.87;26.24;564682;14784562
FIS;79.42;79.81;79.24;79.6;2221168;176634989
FIT;5.67;5.75;5.57;5.66;6113441;34652983
FIX;35.35;35.45;34.85;35.25;143121;5029679
FL;71.7;73.38;71.52;72.29;2057217;149192001
FLO;19.23;19.57;19.2;19.53;1061116;20643946
FLR;51.89;52.73;51.82;52.32;567303;29663462
FLS;47.82;49.03;47.66;48.79;1320219;64235935
FLY;12.85;12.9553;12.75;12.84;102739;1318479
FMC;71.97;73.03;71.48;73;1253947;90964589
FMS;41.67;41.73;41.563;41.69;103039;4292912
FMX;91.23;92.46;91.02;92.14;379421;34757218
FNV;67.03;67.76;66.42;67.28;325727;21877021
FOE;15.1;15.33;15.02;15.33;287706;4384007
FPT;13.16;13.18;13.16;13.1695;10442;137495
FR;27.28;27.49;27.12;27.43;465408;12736956
FRC;91.77;93.0559;91.06;92.83;726519;67151014
FRO;6.72;6.7701;6.66;6.69;747142;5014129
FRT;132.77;133.7;132.23;133.11;251417;33455028
FSM;5.36;5.48;5.3;5.44;1055179;5724040
FSS;13.31;13.46;13.285;13.43;105939;1418650
FT;7.05;7.05;7.02;7.05;33296;234139
FTI;33.71;34.07;33.42;33.635;2809681;94719547
FTK;12.33;12.75;12.33;12.59;527994;6659480
FUL;49.83;50.2;49.56;49.95;233683;11661220
FUN;68.73;69.34;68.48;68.85;71456;4916681
G;23.55;23.6;23.35;23.37;1082321;25408287
GAB;5.89;5.93;5.8884;5.93;284401;1682800
GAM;33.46;33.6745;33.46;33.55;21146;709474
GATX;60.8;62.2;60.54;61.96;286976;17665557
GBL;28.86;28.88;28.55;28.86;9100;261857
GBX;47.85;48.95;47.3;48.5;1619893;78169559
GCH;10.68;10.7099;10.59;10.64;12126;129246
GCI;8.15;8.23;8.12;8.22;803207;6575315
GCO;51.2;53.05;51.2;51.85;211189;10971540
GCV;4.9;4.9499;4.9;4.929;9214;45424
GD;185.87;187.13;185.85;186.3;597687;111422550
GE;30;30.175;29.92;29.93;20122133;604114481
GEF;54.52;55.4;54.23;55.05;167563;9187422
GEL;32.85;33.32;32.85;33.29;221432;7348493
GEO;46.43;47.01;46.08;46.63;544264;25393754
GER;8.13;8.169;8.086;8.14;195984;1590647
GES;10.62;10.8699;10.6;10.665;1281679;13743474
GF;14.7;14.78;14.69;14.78;11188;164893
GFA;17.33;17.48;17.15;17.23;40460;698202
GFF;23.75;23.85;23.35;23.65;102644;2417929
GFI;3.68;3.71;3.58;3.65;4029042;14652274
GG;14.85;14.87;14.64;14.81;5489623;81131353
GGB;3.36;3.41;3.27;3.28;7971841;26581299
GGG;93.11;94.23;92.77;93.85;158527;14855408
GGP;22.95;23.06;22.72;23.04;6697824;153566410
GGT;8.11;8.13;8.03;8.1;95397;771455
GIB;47.28;47.41;47.088;47.12;150720;7119409
GIL;26.45;26.77;26.43;26.48;259805;6904003
GIM;6.64;6.65;6.62;6.62;330362;2191957
GIMO;34.2;34.8;33.7;34.55;529296;18174042
GIS;57.89;58.03;57.5;57.7;2680975;154902227
GLF;0.25;0.2784;0.25;0.2669;633377;165004
GLOG;15.05;15.1;14.8;14.95;201595;3022729
GLP;19.5;20.1;19.3;19.4;143290;2801913
GLT;20.75;21.13;20.69;21.11;90771;1906160
GLW;26.7;26.98;26.59;26.79;3824270;102586408
GM;34.02;34.47;33.89;34.16;11500054;393292499
GME;21.96;22.17;21.74;21.84;3162708;69291152
GNC;6.79;6.845;6.68;6.8;3034910;20518596
GNK;12.04;12.99;11.72;12.55;188499;2365061
GNL;23.82;24.18;23.82;24.17;284590;6839231
GNRT;5.45;5.56;5.4;5.46;450722;2466591
GNW;3.96;4.08;3.94;4.05;5573366;22473337
GOL;29.89;30.5;28.9456;29.33;296237;8744095
GPC;90.33;90.65;89.66;90.32;494140;44546064
GPI;65.07;66.65;64.76;66.58;257609;16989801
GPK;12.99;13.01;12.9;12.98;4444733;57574741
GPN;77.67;78.4;77.49;78.09;567550;44290972
GPS;23.17;24.28;23.17;24.06;7185948;172746544
GPT;26.49;26.84;26.34;26.78;607592;16182231
GPX;23.8;23.85;23.35;23.5;17423;409969
GRA;68.15;68.15;67.12;67.84;1755749;118604944
GRR;11.41;11.41;11.35;11.35;2854;32416
GS;227.09;230.12;225.71;228.64;2543213;581128388
GSH;31.5;31.6036;31.49;31.5507;950;29965
GSK;41.49;41.59;41.35;41.42;3156809;130883598
GSL;1.4;1.45;1.4;1.41;46766;66591
GTN;14.25;14.575;14.15;14.5;578440;8355334
GTY;25.75;26;25.39;25.97;88938;2300137
GUT;6.88;6.91;6.86;6.91;48480;333997
GVA;50.75;51.17;49.17;49.52;621112;31013250
GWR;67.66;68.37;67.56;67.75;540723;36723274
GWRE;58.01;58.73;57.545;58.54;191288;11177229
GWW;231.82;232.87;228.99;229.81;690087;159114332
GXP;29.17;29.31;29.055;29.15;1826568;53344947
HAE;40.6;40.98;40.21;40.62;228753;9298140
HAL;50.2;50.45;49.8613;50.15;5309447;266037338
HBI;20.36;20.9;20.35;20.72;2630888;54565585
HCA;88.47;88.73;87.74;88.72;2014188;178096398
HCN;71.22;71.86;70.83;71.58;1773981;126867014
HCP;31.11;31.44;30.9;31.41;3218758;100519545
HD;147.04;147.96;147;147.24;2321857;342347680
HDB;75.5;76.11;75.5;76.01;493466;37451298
HE;33.74;33.76;33.485;33.7;350712;11800859
HEI;85.47;86.4;85.05;85.7;76049;6526186
HES;47.65;48.28;47.5;48.24;3227515;154913369
HFC;27.01;27.07;26.26;26.38;2826663;75117605
HGT;1.95;2.15;1.9;2.1;290452;594312
HHC;116.42;117.75;116.26;117.42;50988;5976965
HHS;1.34;1.34;1.26;1.29;142591;184633
HI;35.2;35.675;34.75;35.6;195224;6922616
HIG;47.76;48.3;47.59;48.08;2635354;126644000
HIO;5.07;5.1;5.06;5.09;387001;1967559
HIW;50.43;50.84;50.09;50.71;295383;14943145
HIX;7.27;7.29;7.25;7.26;184557;1342897
HK;7.66;7.87;7.52;7.68;853589;6561479
HL;5.35;5.45;5.31;5.4;3945743;21216549
HLF;57.8;58.32;57.7;57.87;419825;24380550
HLS;42.47;42.62;42.26;42.62;534638;22707916
HLT;56.99;57.12;56.536;57.1;996283;56694583
HLX;7.6;7.84;7.47;7.79;1910074;14730147
HMC;28.81;28.82;28.62;28.72;1375367;39470442
HMLP;19.8361;19.85;19.4;19.65;15956;313029
HMN;39.85;40.05;39.55;40;148639;5927094
HMY;2.67;2.69;2.6;2.67;3276053;8680893
HNI;45.29;46.06;45.1;45.97;139988;6398965
HNP;27.33;27.4342;27.16;27.38;77273;2113009
HNR;6.58;6.71;6.53;6.66;37641;249057
HOG;60.28;60.98;60;60.84;1503623;91282763
HON;123.74;124.33;123.34;123.82;1555274;192621810
HOS;3.92;4.05;3.76;3.81;747158;2862264
HOV;2.19;2.27;2.18;2.24;906392;2017628
HP;67.41;68.445;67.12;68.01;847959;57698797
HPE;17.98;18.13;17.91;18.02;12096349;217963998
HPF;21.25;21.28;21.16;21.25;45394;964238
HPI;21.43;21.6;21.35;21.57;35049;752936
HPQ;17.69;17.72;17.43;17.55;7036797;123317583
HQH;24.08;24.33;24.02;24.1;141063;3412932
HQL;19.35;19.39;19.21;19.29;72060;1390621
HR;32.5;32.76;32.31;32.66;302948;9883199
HRB;22.95;23.65;22.84;23.59;3011558;70558501
HRC;70.21;70.57;69.4705;70.41;428935;30121584
HRL;34.46;34.52;34.219;34.375;1354791;46554080
HRS;109.29;110.07;109.0205;109.49;564740;61890484
HRTG;12.41;12.49;12.13;12.4;302231;3716022
HSBC;40.61;40.83;40.54;40.65;1677659;68238946
HSC;12.25;12.7;12.2;12.6;440517;5487100
HSY;109.07;109.27;108.52;108.88;447377;48723364
HTGC;14.99;15;14.9;15;291433;4365141
HTZ;15.52;15.73;15.13;15.685;2178582;33866162
HUM;209.6;213.02;208.72;212.6;1083617;229210947
HUN;24.5;24.76;24.39;24.65;2146459;52797190
HVT;23.6;24.1;23.6;24.05;26511;634886
HW;23.48;23.59;23.47;23.57;279574;6586006
HXL;53.9;54.55;53.66;54.4;158427;8595757
HY;53.75;55.53;53.75;55.11;48236;2636577
HYB;9.37;9.4066;9.36;9.36;20874;195897
HYH;38.26;38.88;37.95;38.85;223166;8616489
HYI;15.29;15.38;15.29;15.36;60732;931748
HZO;21.25;21.8;20.9;21.75;223027;4763327
IAG;4.26;4.29;4.16;4.21;3837544;16191497
IBA;54.99;54.99;54.1201;54.46;6733;366764
IBM;173.47;173.47;172.25;172.45;2875318;496669578
IBN;8.64;8.69;8.61;8.61;2865223;24751245
ICB;17.76;17.95;17.76;17.95;15824;282780
ICE;59.96;60.45;59.69;60.24;2552911;153790897
ICL;4.32;4.36;4.29;4.31;96280;415169
IDA;83.26;83.6;82.82;83.39;99369;8278091
IDT;13.13;13.2325;12.955;13.15;182446;2392094
IEX;92.28;93.73;92.01;93.44;159227;14808874
IFF;131.88;133.36;131.42;133.04;469404;62308608
IFN;25.71;25.91;25.68;25.86;118396;3057187
IGD;7.26;7.29;7.24;7.29;241336;1753565
IGI;20.07;20.36;20.07;20.36;29061;587697
IGR;7.5;7.58;7.48;7.57;258605;1949966
IHG;48.53;48.77;48.51;48.6;48623;2363880
IIF;32.5;32.93;31.92;32.82;35276;1151380
IIM;14.67;14.73;14.65;14.72;94184;1385607
INB;9.12;9.19;9.12;9.15;27345;250259
ING;14.96;15.035;14.9;15.01;2622197;39299595
INGR;120.77;120.93;119.69;120.37;302307;36368020
INSI;19.02;19.07;19.005;19.06;21264;404610
INSW;18.7;19.01;18.66;18.98;131500;2481769
INT;36.03;36.03;35.52;35.73;634368;22642130
INVN;12.45;12.58;12.41;12.53;848580;10628405
INXN;39.44;39.54;39;39.21;190211;7453822
IO;4.55;4.65;4.5;4.65;10819;49617
IP;50.53;51.27;50.45;50.945;933591;47527151
IPG;24.37;24.42;24.12;24.36;3624222;88090430
IPI;1.73;1.82;1.7;1.81;1314883;2339791
IQI;12.38;12.44;12.38;12.43;62500;775957
IR;81.95;83.4;81.74;82.67;1527476;126277739
IRL;13.1;13.11;13;13;18894;246053
IRM;35.01;35.32;34.84;35.295;638819;22448980
IRR;6.49;6.49;6.3902;6.45;61799;397794
IRS;26.15;26.3;25.79;26.08;46416;1210542
IT;109.84;112;109.17;110.47;749821;83150707
ITG;20.01;20.29;19.92;20.14;110142;2216394
ITGR;39.7;40.5;39.35;40.2;93080;3731691
ITT;39.13;40.02;39.1;39.78;509475;20218412
ITUB;12.03;12.24;11.87;11.91;12881155;155092141
ITW;131.28;132.35;130.83;131.62;755079;99486651
IVC;10.6;10.85;10.5;10.55;258167;2737760
IVR;15.39;15.62;15.33;15.57;960380;14943104
IX;74.15;74.4245;74.0761;74.38;16299;1210802
JBL;28.12;28.86;27.93;28.86;3534462;101348033
JBT;85.05;85.85;84.55;85.15;189455;16140387
JCI;41.02;41.415;40.89;41.18;3771443;155328017
JCP;5.77;6.08;5.75;5.95;22887865;136687736
JE;6.23;6.33;6.21;6.31;61757;386643
JEC;54.45;54.96;54.22;54.58;393100;21448512
JEQ;7.92;7.97;7.92;7.97;32932;261876
JFC;18.55;18.65;18.51;18.55;35691;664341
JHI;17.01;17.18;17.01;17.16;16487;282291
JHS;14.19;14.25;14.18;14.25;10066;142990
JHX;15.9;15.9;15.84;15.89;4686;74455
JKS;16.52;16.91;16.42;16.77;208238;3484282
JLL;102.63;104.64;101.83;104.51;269901;27965656
JMEI;3.5;3.53;3.48;3.5;455577;1594266
JNJ;124.85;125.46;124.5;125.05;3681951;460595197
JNPR;27.83;28.02;27.72;27.81;2347182;65395387
JNS;12.85;12.96;12.75;12.96;887941;11441641
JOE;16.75;17.05;16.7;16.9;109222;1841158
JOF;10.72;10.7307;10.71;10.73;22825;244720
JOY;28.3;28.3;28.3;28.3;0;0
JP;8.98;9.03;8.964;9.03;7721;69571
JPC;9.84;9.89;9.84;9.86;302895;2986981
JPI;24.32;24.33;24.17;24.26;33392;808641
JPM;85.98;86.91;85.25;86.48;12913041;1115011033
JPS;9.59;9.65;9.58;9.65;284454;2734840
JPT;25.37;25.379;25.29;25.3;19208;486594
JWN;43.92;45.9;43.85;44.72;3171946;142988930
K;72.59;72.59;72.02;72.42;1491826;107894215
KAI;58.3;58.95;57.95;58.9;25368;1486223
KB;43.4;43.4;43.05;43.33;124815;5405371
KBH;19.44;19.99;19.39;19.885;2421415;47876284
KBR;14.54;14.83;14.53;14.81;1677443;24670486
KCG;17.3;17.52;17.2;17.31;438365;7599066
KEF;8.75;8.75;8.66;8.7;77217;674088
KEG;23.07;24.88;23.07;24.49;129539;3090769
KEM;10.81;11.3;10.7567;11.24;743378;8236251
KEP;20.35;20.36;20.08;20.1;565378;11400775
KEX;70.1;71.5;70.1;71.4;306783;21757769
KEY;17.21;17.565;17.1;17.52;9186467;160117423
KEYS;36.52;36.75;36.15;36.44;545790;19885731
KF;36.94;37.1;36.94;36.96;11836;437980
KFS;5.8;5.85;5.65;5.65;43509;249311
KFY;30.18;30.5;29.84;30.33;255006;7713135
KGC;3.6;3.6;3.53;3.57;5803442;20686059
KIM;21.83;21.85;21.62;21.68;3841712;83397105
KKR;17.62;17.81;17.58;17.68;2295339;40644363
KMB;131.78;132.11;131;131.11;635686;83437136
KMG;43.79;45.01;42.84;44.81;104384;4617989
KMI;21.56;21.875;21.44;21.75;10907169;236549482
KMM;8.7;8.76;8.68;8.71;54414;474168
KMT;38.96;39.52;38.48;39.23;460922;17996654
KMX;55.08;58.2;54.29;58.01;9677822;550750312
KNOP;22.6;22.9;22.55;22.65;15396;350292
KO;42.58;42.76;42.47;42.67;12830971;547126531
KOF;72;72.09;71.32;71.73;125332;8972008
KOP;42.45;43.3;42.05;43.3;94799;4070358
KORS;36.98;37.58;36.91;37.0801;1322932;49245254
KR;29.45;29.86;29.4;29.51;8410366;249227953
KRC;71.99;73.23;71.76;72.98;356271;25938876
KSM;12.55;12.59;12.4901;12.59;17554;219963
KSS;37.97;40.29;37.75;39.595;7404518;293951507
KST;12.22;12.22;12.2;12.2;9906;120943
KSU;86.44;87.5;86.11;87.24;975013;84957003
KTF;13.32;13.39;13.3;13.39;76368;1018731
KTH;32.34;32.36;32.12;32.36;504;16256
KTN;33.05;33.0869;33.05;33.0869;200;6614
KW;22;22.35;21.95;22.35;363431;8068490
KWR;139.96;141.46;137.76;138.71;85115;11856596
KYN;21.33;21.53;21.3;21.41;323477;6930770
KYO;55.12;55.13;54.79;54.83;10142;557281
LAD;81.71;84.22;81.43;84.21;285562;23859325
LAZ;44.58;45.76;44.51;45.54;829808;37746534
LB;45.75;48;45.67;47.85;13707620;649425823
LBF;8.5201;8.5683;8.52;8.55;10506;89758
LC;5.25;5.35;5.23;5.34;2909001;15436535
LCI;22;22.9;21.85;22.9;492586;11046920
LCII;93.55;94.15;92.3;92.7;158779;14786792
LDF;10.73;10.89;10.705;10.705;12682;136830
LDL;49.5;50.4;49.15;49.8;47753;2379548
LDR;47.1;47.85;46.7;47.35;21418;1011853
LEA;132.92;134.44;132.41;134.32;669207;89570777
LEE;2.55;2.6;2.5;2.55;211670;540337
LEG;50.84;51.21;50.68;50.9;1006704;51278735
LEJU;3.1;3.15;3;3.11;87053;269927
LEN;50.55;51.29;50.45;50.91;1181558;60182766
LEO;8.7;8.76;8.68;8.71;110514;963501
LFC;15.26;15.3;15.205;15.28;184215;2810905
LFL;13.1;13.33;13.02;13.08;544059;7146164
LH;143.7;143.79;142.75;143.68;444945;63844482
LHO;28.53;28.95;28.24;28.935;693079;19823821
LII;164.72;166.74;164.52;165.25;167146;27652711
LL;22.71;23.1885;22.46;22.84;1175653;26804718
LLL;162.45;163.135;162.04;162.93;416777;67783292
LLY;85.47;85.9;85.12;85.36;2361458;201704149
LM;35.62;36.37;35.34;36.23;685762;24744215
LMT;266.87;267.79;266.32;267.11;546679;146002282
LNC;64.8;66.02;64.15;65.7;1828331;119677620
LNN;85.85;86.54;85.01;86.01;70466;6036666
LNT;39.85;39.99;39.7;39.87;560742;22338250
LOW;81.87;82.46;81.79;81.97;2756373;226432907
LPG;10.25;10.32;10.08;10.24;221076;2257295
LPI;14.12;14.55;14;14.49;3734513;53720843
LPL;13.22;13.23;13.115;13.17;312257;4109647
LPX;25.36;25.8746;25.26;25.73;2447736;62896126
LQ;13.3;13.705;13.2;13.69;774418;10521921
LTC;47.89;48.22;47.8;48.12;128243;6163878
LUB;3.05;3.17;3.035;3.12;44144;137686
LUK;26.03;26.43;25.88;26.36;1301323;34185604
LUV;53.35;53.77;52.96;53.38;2724825;145532120
LUX;54.49;54.56;54.11;54.11;40127;2182605
LVLT;58.1;58.78;57.98;58.515;1155658;67618236
LVS;56.2;57.05;56.14;56.68;2539094;144029155
LXP;10.07;10.25;10.02;10.19;1220256;12429069
LXU;9.01;9.03;8.65;8.8;256113;2255124
LYG;3.23;3.26;3.21;3.22;6463752;20877678
LYV;31.34;31.3653;31.06;31.28;1128728;35237658
LZB;26.45;27.35;26.4;27.35;553187;14906309
M;28.97;30.08;28.97;29.42;5683227;168281657
MA;112.34;112.61;111.71;112.43;1456146;163494153
MAA;102.61;103.1;101.97;102.82;201833;20745476
MAC;64.08;64.63;63.79;64.16;919200;59000941
MAIN;38.01;38.3239;38.01;38.24;230698;8805161
MAN;98.05;99.16;97.51;98.42;346759;34091390
MANU;16.9;16.95;16.75;16.8;8498;143291
MAS;33.59;34.16;33.46;33.82;3313882;112290727
MATX;31.87;31.92;31.21;31.71;171604;5420381
MAV;11.01;11.07;11.01;11.04;66619;735994
MBI;8.62;9.4501;8.58;9.07;5293649;47740604
MBLY;61.79;61.91;61.71;61.74;8470761;523363465
MBT;11.14;11.58;11.14;11.32;4226981;48225896
MCA;14.64;14.74;14.59;14.74;60708;890700
MCC;7.59;7.655;7.56;7.63;132446;1007802
MCD;130.31;130.66;129.96;130.15;3422010;445846799
MCI;15.2;15.3128;15.18;15.31;7246;110500
MCK;144.44;145.28;144.02;144.84;1506684;217991450
MCO;112.92;113.68;111.99;113.34;754056;85422232
MCR;8.63;8.65;8.6;8.615;156893;1352825
MCS;30.3;31.35;30.3;31.25;51820;1609938
MCY;58.4;58.865;58.11;58.57;67152;3924684
MDC;29.23;29.74;29.11;29.61;224910;6651832
MDP;63.15;63.9;62.55;63.8;313398;19863388
MDR;6.5;6.66;6.48;6.66;2028604;13422680
MDT;80.68;80.68;79.82;80.22;3586683;287764423
MDU;27.28;27.5;27.06;27.43;469505;12855655
MED;43.48;43.48;42.735;43.04;72510;3122344
MEN;11.55;11.64;11.53;11.62;77875;901569
MET;51.91;52.82;51.55;52.67;5810535;305004201
MFA;8.06;8.13;8.02;8.13;956516;7731852
MFCB;1.54;1.61;1.5;1.58;121896;187596
MFG;3.54;3.55;3.5;3.55;230217;813887
MFL;14.31;14.36;14.2701;14.35;75880;1086662
MFM;7;7.09;7;7.08;122462;865235
MFT;13.8;13.92;13.8;13.85;21337;295931
MFV;5.77;5.81;5.77;5.8;25160;145515
MGA;39.81;40.07;39.51;39.82;1831509;72895606
MGF;4.95;4.95;4.93;4.94;59206;292481
MGM;27.56;28.53;27.52;28.43;10071293;284543489
MHF;7.27;7.33;7.26;7.31;77439;565475
MHK;227.45;229.86;226.57;228.39;288693;66009806
MHN;13.56;13.64;13.56;13.63;24212;329389
MHO;23.68;24.08;23.64;23.94;199473;4773115
MIN;4.33;4.35;4.32;4.32;175436;760425
MITT;17.98;18.21;17.84;18.18;76999;1392916
MIY;13.61;13.68;13.61;13.68;40296;550260
MJN;89.39;89.43;89.3;89.32;964776;86218210
MKC;100.52;100.52;99.71;100.08;733419;73425669
MKL;969.94;973.3;965.01;970.12;12021;11655975
MLI;33.03;33.3;32.72;33.22;112937;3739568
MLM;214.84;218.3551;214.1;218.21;567840;123142906
MLR;24.15;24.175;23.75;24.05;29505;708330
MMC;73.38;73.65;73;73.28;1261457;92523775
MMI;23.71;24.085;23.6;24.06;74828;1791552
MMM;190.41;191.02;189.5;189.91;997307;189551097
MMP;76.62;77.45;76.52;77.36;332170;25643957
MMS;61.53;61.8325;61.04;61.65;299606;18411897
MMT;6.12;6.14;6.1;6.11;277870;1702113
MMU;13.71;13.8;13.71;13.77;24993;344377
MNI;9.48;9.9;9.404;9.77;40033;382757
MNK;44.15;44.87;43.84;44.57;2257721;100062998
MNP;15.2;15.31;15.1899;15.27;17560;267671
MO;71.9;71.9;71.22;71.42;4990518;356577961
MOD;10.9;11.05;10.75;10.9;333950;3640159
MON;115.59;116.56;115.4725;116;2943056;341605870
MOS;29;29.33;28.86;29.19;2827445;82486302
MOV;23.4;23.75;23.15;23.25;142627;3328196
MPA;14.18;14.22;14.13;14.22;14094;199989
MPC;49.67;50.45;49.49;49.84;3877047;193693134
MPV;14.1002;14.3;14.0739;14.1836;6473;91516
MPW;13.36;13.445;13.27;13.41;5183187;69333663
MQT;12.76;12.82;12.7493;12.78;67766;867153
MQY;14.9;15.02;14.9;15.01;41839;626135
MRK;63.48;63.97;63.19;63.24;6924920;439830517
MRO;16.14;16.46;16.01;16.31;11523544;187814422
MS;41.63;42.3654;41.43;42.09;8115716;340677324
MSA;67.89;69.01;67.535;68.99;84342;5794388
MSB;14.75;15.0887;14.5361;15.05;12177;181419
MSCI;97.84;97.96;96.67;97.79;249927;24367393
MSD;9.5;9.5;9.34;9.39;203529;1911044
MSF;14.99;14.99;14.87;14.91;13314;199016
MSI;83.9;84.76;83.38;84.2;538943;45394903
MSM;102.41;103.25;95.85;96.33;1857461;181141794
MT;8.28;8.33;8.16;8.24;21052476;173497159
MTB;152.37;153.69;151.2;153.37;619285;94741971
MTD;477.4;481.92;476.44;480.54;73511;35248953
MTDR;23.93;24.38;23.76;24.07;1041547;25113517
MTG;9.88;10.13;9.84;10.08;2492953;25009607
MTH;36.6;37.45;36.3;37.15;382368;14142312
MTL;5.86;5.9;5.775;5.81;322050;1877164
MTN;190.35;192.08;189.195;191.19;165350;31564648
MTOR;16.46;16.76;16.33;16.76;678945;11293208
MTR;13.6;13.7;13.3183;13.7;4866;65892
MTU;6.055;6.0999;6.04;6.07;792870;4809472
MTW;5.65;5.86;5.6;5.82;1586349;9204361
MTX;75.1;76.05;74.65;75.8;76677;5792957
MTZ;39.25;40.05;38.9;39.95;455540;18101896
MUA;14.3;14.41;14.3;14.35;66295;952184
MUC;14.1;14.12;14.05;14.12;78351;1104100
MUE;13.2;13.28;13.18;13.22;91910;1216851
MUH;15.61;15.68;15.58;15.65;18237;285350
MUJ;14.21;14.2508;14.2;14.2508;39801;566097
MUR;28.09;28.441;27.9;28.23;1363436;38492466
MUS;13.26;13.39;13.26;13.39;34616;462332
MUX;3.19;3.22;3.13;3.18;1811739;5750680
MVT;15.21;15.29;15.21;15.29;53303;813047
MWA;11.61;11.79;11.55;11.72;916563;10730314
MX;8.9;9.075;8.7;9;230497;2055728
MXE;11.18;11.24;11.02;11.07;32691;363963
MXF;16.64;16.64;16.42;16.47;123384;2034979
MXL;27.62;28.13;27.5;28.03;417307;11651042
MYC;14.74;14.81;14.7;14.81;58214;858226
MYD;14.59;14.683;14.59;14.65;70410;1031323
MYE;16.65;16.65;16.15;16.5;66769;1095069
MYF;15.28;15.32;15.27;15.31;10424;159379
MYI;13.92;13.97;13.87;13.97;78896;1098842
MYJ;15.26;15.34;15.23;15.32;22792;348513
MYN;12.98;13.01;12.95;13.01;51758;672200
NAC;14.38;14.45;14.35;14.44;228968;3295090
NAD;13.69;13.7138;13.6601;13.7;320465;4385955
NADL;0.7862;0.7924;0.73;0.7425;156771;117657
NAN;13.59;13.63;13.58;13.62;66796;908578
NAO;1;1;0.95;0.95;758464;743678
NAP;11;11.54;11;11.3;47928;535250
NAT;8.01;8.13;8;8.08;723003;5829617
NAV;24.69;25.32;24.51;24.96;629774;15770571
NAZ;13.82;13.87;13.82;13.84;13311;184457
NBL;34.35;34.85;34.18;34.69;2166297;75041139
NBR;13.6;13.79;13.37;13.77;5406011;73856488
NC;70.3705;74.05;70.3705;73.7;8603;630442
NCA;10.06;10.08;10.02;10.08;42303;425416
NCI;22.27;22.41;21.98;22.32;301901;6691311
NCR;43.83;44.26;43.314;44.13;628456;27641173
NCS;16.15;16.6;16.15;16.5;236877;3890711
NCZ;6.1;6.12;6.08;6.12;176989;1080506
NE;6.1;6.33;6.015;6.22;7594124;47163830
NEE;130.06;130.4485;129.395;129.76;1233775;160038939
NEM;34.28;34.29;33.84;34.17;3173518;108215064
NEP;32.92;33.36;32.62;33.04;221680;7307391
NEU;446.31;447.5293;444.81;446.97;6389;2851695
NEV;14.04;14.1;14.03;14.1;40430;568535
NEWM;13.59;13.7;13.46;13.66;411831;5591238
NFG;60.09;61.14;59.83;60.83;524716;31887705
NFX;36.53;37.03;36.4;36.79;1544589;56744522
NGG;63.58;63.81;63.36;63.61;412600;26254486
NHF;22.84;23;22.83;22.85;44280;1014722
NHI;73.08;73.57;72.81;73.37;160096;11728714
NI;23.77;23.94;23.64;23.84;2253115;53666755
NIM;10;10;9.96;9.98;10771;107509
NJR;40.7;40.75;40.05;40.7;343188;13919542
NKE;55.07;55.94;54.94;55.14;6105412;338201017
NL;6.4;6.454;6.25;6.3;15455;98008
NLS;17.75;17.75;16.95;17.15;580348;9978555
NLY;11.29;11.34;11.25;11.31;7877446;89014143
NLY-A;25.77;25.78;25.56;25.72;14394;369885
NM;1.72;1.9;1.6824;1.89;1412260;2581182
NMBL;12.48;12.5;12.48;12.49;928556;11596346
NMI;12.7636;12.88;12.7636;12.87;8110;103776
NMM;2.03;2.07;1.97;2.03;625471;1271877
NMR;5.92;5.92;5.86;5.91;333760;1967239
NMT;13.65;13.73;13.6;13.73;12335;168440
NMY;12.69;12.72;12.69;12.69;22894;290764
NNA;1.68;1.7;1.65;1.65;516166;859525
NNC;13.01;13.05;13.01;13.04;16932;220640
NNI;42.83;44.06;42.12;43.97;46528;2031044
NNN;43.78;44.22;43.5;44.09;759306;33403259
NNY;9.66;9.75;9.65;9.75;19070;185212
NOA;5.1;5.25;5;5.15;151497;777672
NOC;235.99;237.52;235.16;236.69;432206;102289265
NOK;5.23;5.29;5.22;5.23;10132470;53188470
NOV;39.43;39.57;39.0946;39.4;1750513;68889952
NPK;99.05;101.35;98.9;100.8;57362;5732501
NPO;68.1;68.905;67.77;68.47;87594;5990646
NPV;12.9495;13.07;12.94;13.06;35297;458854
NQ;3.98;4.13;3.95;4.07;360898;1467313
NQP;13.14;13.1895;13.13;13.15;37063;487652
NR;8.05;8.15;7.875;8.15;641216;5153762
NRE;11.23;11.37;11.15;11.32;247108;2792886
NRG;18.7;18.98;18.6033;18.89;3745164;70578181
NRP;36.1;37.35;36.1;36.25;14942;549905
NRT;7.2;7.53;7.2;7.53;20833;153095
NRZ;16.96;17.14;16.86;17.1;2448803;41657875
NS;51.56;51.96;51.25;51.67;89795;4634028
NSC;114.66;116.18;114.66;115.88;1311295;151822715
NSH;27.7;28.15;27.3995;27.6;29983;828385
NSL;6.86;6.86;6.8;6.83;85321;582460
NSM;15.53;15.85;15.42;15.82;319937;5029878
NSR;33.25;33.25;33.15;33.25;399127;13258209
NSS;26.07;26.2;26.0267;26.2;25817;674066
NTC;12.31;12.37;12.29;12.37;26570;327844
NTG;20.69;20.83;20.65;20.73;67363;1398145
NTL;26.04;26.06;26.02;26.02;300;7812
NTP;7;7.05;7;7;17641;123574
NTX;14.28;14.33;14.28;14.3;14958;213959
NTZ;2.87;2.87;2.69;2.69;7719;21748
NUE;59.82;60.63;59.36;60.11;1825126;109563248
NUM;13.29;13.34;13.29;13.34;16401;218423
NUO;14.81;14.88;14.81;14.8567;11161;165551
NUS;54.13;54.44;53.7;54.11;393247;21281191
NUV;9.82;9.85;9.74;9.8;407182;3983643
NVO;35.77;35.79;35.31;35.36;1417804;50288225
NVS;74.1;74.13;73.65;73.71;1396933;103219930
NWL;45.8;46.3;45.74;46.1;2128431;98178955
NWN;59.15;59.9;58.85;59.8;79048;4712065
NX;19.45;19.55;19.15;19.35;76014;1470892
NXC;14.8;14.83;14.78;14.83;4029;59633
NXN;13.6769;13.69;13.6769;13.69;475;6498
NXP;14.02;14.08;14;14.04;22843;320944
NXQ;13.45;13.52;13.42;13.45;53249;717789
NXR;14.17;14.22;14.17;14.22;23361;331654
NYCB;13.6;13.74;13.48;13.7;4476778;61199134
NYLD;17.4;17.55;17.2;17.5;366620;6376921
NYT;14.4;14.525;14.25;14.5;541426;7816546
O;59.67;60.41;59.39;60.18;956785;57549789
OA;96.37;96.655;95.89;96.25;159738;15379005
OAK;46.05;46.45;45.75;46.15;374485;17288793
OAS;14.2;14.4575;13.98;14.17;6338052;90142230
OC;60.46;60.85;60.33;60.56;639732;38737215
OCN;5.21;5.38;5.15;5.3;1423705;7522195
ODC;36.97;36.9899;36.38;36.42;7514;275247
OFC;33.17;33.5;33;33.47;835250;27829579
OFG;11.15;11.45;11.05;11.3;213374;2409134
OGE;34.96;35.065;34.79;35.015;933819;32681268
OHI;33.59;33.61;33.14;33.47;2235622;74682637
OI;20.1;20.46;20.03;20.35;960373;19479043
OIA;7.62;7.67;7.62;7.67;40002;305885
OII;26.67;27.31;26.58;27.16;1258407;34100761
OIS;31.95;32.8;31.7;32.75;432160;14010998
OKE;56.2;56.48;55.86;56.33;2102695;118229943
OLN;31.41;31.97;31.23;31.87;2253262;71357287
OMC;85.44;85.61;84.56;85.56;1650034;140733423
OME;19.3;19.3;19;19.05;295404;5639674
OMI;33.71;34.11;33.64;34.1;537215;18221365
OMN;9.25;9.5;9.2;9.35;119103;1113482
ONDK;4.63;4.71;4.58;4.63;277089;1280161
OR;11.2;11.31;11.17;11.29;267422;3010661
ORA;58.18;59.01;57.2925;58.46;281122;16392042
ORAN;15.28;15.33;15.25;15.29;452131;6911391
ORC;10.02;10.1;9.9;10.1;730597;7298948
ORCL;44.53;44.53;44.14;44.18;10269065;454591917
ORI;20.09;20.09;19.925;19.98;1007816;20142894
ORN;7.4;7.57;7.31;7.54;83995;626981
OSB;29.7;30.32;29.68;29.87;17831;534495
OSG;3.42;3.6;3.32;3.56;1042531;3665669
OSK;67.74;68.89;67.66;68.66;508827;34843507
OXM;54.19;55.44;54.06;54.39;253321;13801346
OXY;63.64;63.7758;63.17;63.28;3839182;243392843
P;11.86;11.99;11.72;11.98;4109852;49072135
PAA;31.35;31.575;31.13;31.33;1791697;56126473
PAC;101;101.42;99.465;100.27;75152;7539527
PACD;1.96;1.9695;1.58;1.86;134009;246021
PAG;44.17;44.78;43.48;44.47;590917;26173416
PAH;12.72;12.95;12.64;12.91;1030886;13268087
PAI;14.46;14.46;14.4;14.43;7345;105939
PANW;108.5;111.06;108.5;110.88;1527724;168535910
PAY;18;18.13;17.81;17.93;1646736;29481390
PBI;12.96;13.18;12.86;13.09;1958694;25624754
PBR;9.77;9.95;9.57;9.67;22267475;217594033
PBRA;9.29;9.49;9.14;9.19;5059802;47063448
PBT;9.69;9.83;9.62;9.82;114823;1120315
PCF;8.63;8.71;8.63;8.63;28572;247533
PCG;67.26;67.55;67.16;67.36;1892172;127447520
PCK;9.79;9.9;9.79;9.88;46257;457088
PCQ;16.4;16.5;16.4;16.5;19928;327667
PDS;4.77;4.9;4.76;4.85;2705898;13128810
PDT;15.95;16.01;15.8718;15.89;82050;1306514
PEG;44.28;44.9;44.16;44.8999;3185895;142127387
PEI;14.51;14.65;14.35;14.57;543723;7909480
PEO;19.5;19.73;19.45;19.57;221739;4342436
PEP;112.12;112.28;111.42;111.58;2008162;224362675
PER;3.05;3.1;3.05;3.05;73109;224397
PFD;15.1;15.16;15.05;15.14;17710;267730
PFE;34.14;34.35;34.06;34.11;15428202;527310556
PFG;62.12;63.15;61.75;62.73;847780;53195907
PFL;11.33;11.36;11.27;11.29;89964;1017704
PFO;11.81;11.8999;11.81;11.8999;4120;48829
PFS;25.07;25.39;24.92;25.24;91784;2313369
PG;89.77;89.81;89.31;89.4;6477358;579715816
PGH;1.03;1.05;1.02;1.03;761220;790510
PGP;17.73;17.73;17.6201;17.7;16873;298645
PGR;39.28;39.455;39;39.25;5053110;198343441
PH;160.13;161.4108;159.63;160.23;587029;94111425
PHG;31.99;32.03;31.75;31.78;1064604;33943473
PHH;12.34;12.75;12.19;12.72;1221945;15135862
PHI;34.5;34.98;33.855;33.97;144708;4941680
PHK;8.69;8.72;8.665;8.71;363363;3159144
PHM;23.31;23.615;23.25;23.36;4294110;100525074
PII;80.96;81.14;80.07;80.37;962507;77473110
PIM;4.7;4.72;4.69;4.72;63058;296816
PIR;6.78;7.05;6.74;6.99;1975292;13724564
PIY;25.2;25.25;25.12;25.2499;6776;170673
PJH;25.85;26.09;25.85;26.08;17601;457528
PJT;32.83;33.66;32.795;33.64;103441;3445888
PKD;1.8;1.8;1.75;1.8;396147;706049
PKE;16.81;17;16.72;16.97;33182;561488
PKG;90.77;92.25;90.515;91.77;399108;36608587
PKI;57.44;57.95;57.08;57.85;323164;18667384
PKO;25.05;25.36;25.05;25.27;75574;1908080
PKX;60.25;60.68;59.62;59.88;337944;20236663
PKY;19.64;19.92;19.63;19.86;235444;4662521
PLD;52.56;53.18;52.22;53.06;2254307;119271081
PLT;52.7;53.24;52.235;53.08;117227;6209797
PM;113.38;113.77;112.38;112.59;3889742;438239962
PMF;13.27;13.2701;13.22;13.27;101601;1346542
PML;12.67;12.76;12.6666;12.76;136036;1730040
PMM;7.3;7.34;7.3;7.33;97771;716405
PMO;12.06;12.1;12.06;12.1;107863;1304300
PMT;17.82;17.88;17.62;17.88;405728;7222061
PMX;11.33;11.41;11.33;11.41;44181;502334
PNC;118.25;119.79;117.48;119.26;1706749;203312490
PNF;12.67;12.75;12.6668;12.75;12048;153006
PNI;11.6;11.6;11.552;11.6;4430;51258
PNM;37.4;37.85;37.15;37.8;722771;27167660
PNR;62.51;63.38;62.24;62.82;555062;34851516
PNW;83.74;84.66;83.38;84.48;758252;63888318
POL;33.36;33.65;33.185;33.56;203800;6826019
POT;16.85;16.93;16.78;16.82;5693798;95821782
PPG;105.18;105.86;104.99;105.28;812019;85584957
PPL;37.48;37.5;37.26;37.41;2881265;107723639
PPP;0.5411;0.551;0.541;0.5452;526662;286885
PPR;5.37;5.39;5.34;5.35;755832;4052473
PPT;5.24;5.28;5.24;5.28;282235;1484828
PPX;26.31;26.7;26.15;26.62;10742;283591
PQ;2.77;2.8;2.68;2.75;64572;177619
PRA;60.1;60.1;59.25;60;154715;9246121
PRGO;66.6;68.04;66.5442;67.6;1781668;120423236
PRI;81.1;82.6;80.6;82.6;313089;25676047
PRLB;50.35;51;50;50.55;229305;11580111
PRU;105.4;106.65;104.84;106.29;2006172;212956783
PSA;221.83;223.61;221.37;222.64;435945;97042531
PSB;117.53;118.49;117;118.28;73602;8685697
PSO;7.89;8.02;7.87;7.9;617186;4901330
PSX;77.59;77.65;76.65;76.88;2903392;223751235
PSXP;51.44;53.6;51.2875;53.33;469183;24801513
PTR;73.06;73.14;72.79;73.03;62067;4530012
PTY;15.73;15.79;15.73;15.77;134378;2117624
PUK;41.66;41.97;41.61;41.87;326620;13658190
PVG;10.91;11.08;10.84;11.05;1192670;13100152
PVH;102.38;103.84;101.67;101.97;710943;72798399
PWE;1.68;1.7;1.67;1.7;838335;1418709
PWR;35.26;35.75;35.26;35.59;1206319;42848356
PX;118.38;119.75;118.2;119.37;1060240;126333755
PXD;188.83;190.96;187.91;190.44;1110504;210997539
PYN;9.67;9.7;9.6689;9.69;2089;20217
PZC;11.93;11.96;11.91;11.9392;36222;432237
PZE;11.25;11.59;11.1202;11.55;31742;363320
Q;78.79;79.36;78.105;79.33;889647;70176281
QCP;19.64;19.745;19.375;19.5;390106;7633488
QSR;56.19;56.31;55.739;56.03;716722;40160228
QTM;0.82;0.8496;0.82;0.8401;534483;444468
QTWO;36.05;36.2;35.2;36.1;182549;6556680
R;74.98;76.65;74.55;76.09;432626;32843445
RA;22.9;23.03;22.9;23.03;87426;2007101
RACE;72.86;72.91;72.48;72.61;254949;18526150
RAD;4.36;4.69;4.3;4.59;32500789;148712802
RAI;63.55;63.63;63.33;63.33;4023515;255170587
RAS;3.01;3.15;3.01;3.14;323541;1005217
RBA;32.34;32.95;32.22;32.72;413677;13534093
RBS;5.91;5.97;5.88;5.93;617970;3664827
RCI;43.97;44.34;43.9;44.23;114527;5065018
RCL;97.86;99.22;97.12;98.78;758689;74747659
RCS;9.6;9.69;9.6;9.66;143848;1386561
RDC;15.18;15.58;15.11;15.56;2040731;31542286
RDN;17.6;17.94;17.5;17.93;905149;16127796
RDS-A;52.88;53.29;52.83;53.1;2353681;124891289
RDS-B;55.8;56.3;55.7964;56.11;1313873;73631667
RDY;41.81;41.9757;41.385;41.45;196464;8153652
RE;233.56;234.26;231.42;233.64;246466;57451511
REG;66.08;66.37;65.73;66.03;928379;61351968
REN;44.09;45.66;43.9;44.95;718336;32304543
RENN;7.74;7.82;7.64;7.69;95533;736743
RES;19.13;19.43;19.02;19.41;2260294;43487143
REV;26.4;26.7;26.1;26.4;196681;5196359
RF;14.35;14.6;14.2;14.53;13809359;199601184
RFI;12.41;12.47;12.3801;12.43;66050;820667
RGA;124.4;125.78;123.45;125.59;158546;19861717
RGR;55.2;56.6;55.2;56.6;114888;6455413
RHI;45.69;46.06;45.13;45.73;871975;39853264
RHT;84.72;85.33;84.21;85;1537691;130432620
RIG;12.54;12.7;12.51;12.62;6858530;86497580
RIO;41.11;41.42;40.8;40.98;4210328;172983865
RJF;74.65;75.94;73.87;75.64;502916;37872583
RL;79.85;82.31;79.85;80.71;1342693;109052040
RLI;57.8;57.8;57.14;57.66;97777;5626623
RMD;69.25;69.56;68.79;69.05;880678;60741444
RMP;25.21;25.72;25.19;25.35;200004;5086965
RNR;142.67;143.43;140.88;141.3;274776;38845617
ROG;81.65;82.44;80.35;82.24;49850;4077867
ROK;155.18;156.59;154.5;155.88;482536;75082011
ROL;36.27;36.34;35.97;36.31;312965;11338048
ROP;207.23;208.75;205.72;208.11;343438;71388739
RPM;53.5;53.63;51.34;51.77;1959934;102261545
RPT;13.94;14.05;13.8165;13.955;630487;8802994
RQI;12.64;12.64;12.54;12.63;343564;4328156
RRC;29.58;29.92;29.43;29.89;3871858;115107952
RRD;11.55;11.9453;11.47;11.82;1582675;18598552
RS;78.19;78.99;77.565;78.57;281623;22079245
RSG;62.63;62.75;62.21;62.63;908786;56865842
RSO;9.38;9.41;9.28;9.38;301183;2821989
RSPP;40.36;41.0309;40.22;40.61;880441;35767228
RST;10.34;10.69;10.11;10.64;124567;1306851
RT;2.6;2.84;2.6;2.8;992329;2735050
RTEC;21.4;21.7;21.075;21.65;190399;4081005
RTN;150.11;150.88;149.7;150.75;1580729;237848595
RVT;13.86;13.97;13.8;13.94;193858;2692723
RWT;16.41;16.65;16.2;16.64;255171;4213189
RY;72.35;73.27;72.28;72.91;1001206;72992760
RYAM;12.45;13.05;12.371;12.91;436923;5571732
RYN;28.35;28.67;28.24;28.65;581728;16599091
S;8.39;8.43;8.3;8.39;8412037;70395464
SA;11.4;11.4348;11.1;11.25;444297;5004502
SAH;18.75;19.25;18.55;19.2;253110;4819531
SAM;141.1;142.3;139.95;141.4;107147;15118435
SAN;6.05;6.12;6.04;6.08;3731509;22678552
SAP;97.13;97.66;96.94;97.27;464227;45182245
SAR;20.83;21.3865;20.83;21.25;63513;1335876
SB;2.09;2.435;2.0721;2.41;2186789;5055057
SBGL;9.74;9.78;9.62;9.69;1191950;11546398
SBH;19.43;19.83;19.43;19.79;4010468;78974892
SBR;35.25;36.74;35.25;36.5;34276;1249371
SBS;10.81;10.81;10.47;10.5;2427807;25825478
SBY;21.44;21.49;21.43;21.46;189009;4053704
SCCO;36.29;36.64;36.22;36.36;589789;21447744
SCG;66.63;66.68;66.17;66.3;681583;45201155
SCHW;39.47;40.29;39.21;40.06;6167311;245891398
SCI;30.27;30.59;30.12;30.58;613401;18696111
SCL;76.47;77.89;75.87;77.87;47325;3660334
SCM;14.11;14.11;13.91;14;141654;1980883
SCS;16.25;16.45;16.175;16.4;323925;5301531
SCX;10.05;10.15;10.05;10.05;11094;111556
SDLP;2.86;2.8925;2.78;2.86;470568;1339968
SDR;1.44;1.44;1.42;1.44;101951;146343
SDRL;0.6931;0.722;0.69;0.6965;9424547;6660195
SDT;1.41;1.43;1.38;1.39;89887;125707
SEE;43.07;43.4;42.98;43.06;1820419;78496326
SEP;43.5;43.91;43.39;43.74;275592;12038902
SF;47.34;49.05;47.005;48.56;274891;13309691
SFE;12.2;12.4;12.1;12.3;55680;680881
SFL;13.85;14;13.75;13.8;1374100;19005579
SGF;10.824;10.83;10.77;10.8;17615;190346
SGU;9.17;9.34;9.1;9.2;68130;624343
SGY;22.67;22.75;21.78;21.96;222038;4925763
SHAK;32.51;33.06;32.33;32.98;283242;9301118
SHI;56.08;56.56;56.08;56.55;7303;412252
SHOP;67.91;68.875;67.91;68.52;755899;51659220
SHW;309.38;311.68;308.76;310.47;312339;96994669
SID;2.83;2.84;2.71;2.72;2020178;5618493
SJI;36.97;37.43;36.73;37.39;456595;17004634
SJM;130.12;130.3699;129.27;129.45;498103;64604524
SJR;20.42;20.62;20.38;20.52;452371;9279557
SJT;7.43;7.57;7.31;7.52;102474;767563
SJW;47.55;48.05;47.11;48.03;49081;2343609
SKM;25.07;25.15;24.98;25.05;477281;11963421
SKT;32.42;32.57;32.27;32.51;1299336;42170412
SKX;26.22;26.4;25.51;25.57;3166585;81771153
SLB;78.7;78.9346;78.36;78.62;4294630;337758347
SLCA;47.36;48.39;47.2;48.31;1074771;51506668
SLF;35.55;35.86;35.49;35.58;324963;11583737
SLG;107.12;108.98;106.68;108.59;465743;50510650
SLW;21.22;21.335;21.065;21.3;1890628;40128111
SM;23.25;23.62;22.99;23.32;1728286;40235378
SMFG;7.07;7.11;7.04;7.08;425333;3010968
SMG;92.51;94.11;91.95;93.72;245989;23013569
SMP;47.46;48.08;47.2;47.92;51568;2464159
SN;9.43;9.56;9.3209;9.51;2129700;20144961
SNA;163.48;165.57;163.01;164.41;335019;55054937
SNAP;20.76;20.76;20.03;20.57;20380993;413880915
SNE;32.3;32.32;32.1735;32.21;493828;15916905
SNN;31.1;31.26;31.04;31.06;420484;13089085
SNP;83.26;84.1;83.22;83.94;127746;10703784
SNR;10.09;10.22;10.08;10.21;471580;4796632
SNV;40.21;40.885;39.95;40.79;336091;13654623
SNX;105.51;105.51;102.73;103.46;225390;23349339
SNY;45.63;45.66;45.17;45.31;896527;40688274
SO;50.25;50.33;49.9;50.13;5929179;296984792
SOL;2.5;2.62;2.46;2.58;95445;238533
SON;52.1;52.36;51.81;52.27;441959;23055520
SOR;37.39;37.529;37.33;37.5;13755;515207
SPA;20.4;21.33;20.2414;21.3;83025;1723257
SPG;170.08;170.63;169.04;169.8;1560199;265092573
SPH;26.25;26.83;26.1903;26.76;132768;3528312
SPN;14.74;14.75;14.33;14.59;3864857;56349078
SQ;16.84;17.01;16.69;17;4688268;79149170
SQM;34.85;36.57;34.81;36.5;934599;33714559
SQNS;2.71;2.75;2.655;2.74;70698;191075
SR;68.05;68.5;68.05;68.2;153749;10496130
SRC;10.27;10.42;10.2;10.37;5371937;55642493
SRE;109.26;109.86;108.7;109.75;1102012;120523751
SRG;42.08;42.43;42;42.14;317209;13374858
SRI;17.36;17.47;17.21;17.41;175986;3051732
SRT;8.6;8.6;8.51;8.53;35355;301827
SRV;14.21;14.3;14.1838;14.29;9418;134161
SSD;41.32;41.9;41.15;41.37;204953;8472378
SSI;2.6;2.69;2.52;2.55;604490;1563179
SSL;29.51;29.71;29.36;29.49;381817;11272895
SSP;23.18;23.53;22.94;23.47;167407;3912623
SSW;6.5;6.71;6.42;6.65;918003;6072589
STAG;25.32;25.59;25.1437;25.53;370000;9383704
STC;42.97;43.38;42.63;42.8;88182;3780908
STE;69.46;70.05;69.11;70.03;200642;14002565
STI;54.68;55.7539;54.42;55.56;2501250;138397467
STK;20.86;21.03;20.82;20.9;59202;1238729
STL;23.05;23.325;22.85;23.2;930434;21515473
STM;15.37;15.44;15.16;15.38;4680203;71620672
STN;26.35;26.8;26.3;26.35;5449;144252
STNG;4.22;4.31;4.17;4.28;2765035;11695813
STO;17.35;17.39;17.175;17.24;1226432;21210255
STON;7.81;8.05;7.7627;8;215835;1723439
STT;78.48;79.42;77.879;78.88;1319868;104055237
STV;1.28;1.3099;1.27;1.27;60060;77323
STZ;169.4;175.43;169.31;171.77;4957789;855673175
SU;31.04;31.21;30.88;31.07;1891561;58711425
SUI;81.06;81.76;80.8;81.64;184765;15068879
SUN;27.91;29.5;26.6;28.69;10602251;299434901
SUP;22.85;23.05;22.55;23.05;220106;5035942
SVU;3.75;3.84;3.71;3.76;3549294;13435879
SWC;17.32;17.4;17.29;17.39;1148101;19928564
SWK;131.19;133.17;131.19;132.41;681623;90216050
SWM;40.69;40.99;40.44;40.98;52507;2145831
SWN;8.42;8.62;8.36;8.5;13093559;111284718
SWX;84.63;85;83.91;84.61;243092;20549059
SWZ;11.54;11.56;11.5101;11.55;39299;453423
SXC;9.11;9.14;8.77;8.99;650086;5838159
SXCP;15.7;15.95;15.5;15.75;231954;3665889
SXE;4.1;4.45;4;4.11;727444;3116954
SXI;95.2999;95.2999;93.5;93.9;34966;3293183
SXL;24.4;24.66;24.3;24.49;2401033;58847554
SXT;78.65;79.35;78.23;79.23;69231;5468143
SYF;33.23;33.59;32.945;33.23;6903904;229728351
SYK;131.3;131.3;130.26;130.84;609878;79843389
SYT;89.99;90;89.67;89.71;1086695;97582672
SYX;11.67;12.2;11.67;11.98;43928;529244
SYY;51.58;51.83;51.47;51.64;2141550;110648289
T;41.05;41.08;40.6;40.6;19375256;789514401
TAHO;8.12;8.42;8.07;8.41;2808208;23310958
TAL;104.8;108.6;103.56;107.83;385628;41186543
TAP;95.62;97;95.6;95.99;1190122;114472600
TBI;26.45;26.65;26;26.4;242965;6414126
TCAP;18.59;18.65;18.43;18.59;207503;3851253
TCB;16.34;16.755;16.21;16.7;2008355;33388276
TCI;19.4;19.4;19.4;19.4;300;5820
TCO;64.46;65.24;64.18;64.79;394293;25581008
TCP;59.53;60.4;58.94;59.83;184457;10952046
TCS;4.11;4.19;4.03;4.15;99805;411261
TD;49.39;49.85;49.295;49.47;1648429;81745370
TDF;19.19;19.2312;19.08;19.1;39525;756234
TDG;224.76;227.8999;224.38;226.46;651995;147562677
TDI;25.93;25.97;25.75;25.97;9688;251290
TDW;0.8801;0.99;0.88;0.9203;1124045;1038687
TDY;124.74;125.97;123.66;125.94;60929;7628876
TECK;23.51;23.98;23.36;23.85;4762043;113161543
TEF;11.1;11.17;11.07;11.09;1057105;11754636
TEI;11.21;11.26;11.18;11.23;109345;1227557
TEL;72.92;73.52;72.51;73.11;750648;54843208
TEN;58.81;58.98;58.03;58.85;734186;42974076
TEO;23.28;23.28;22.66;22.85;87635;2007711
TER;31.73;31.93;31.34;31.83;2132907;67588612
TEVA;32;32.385;31.91;32.35;5071107;163146545
TEX;31.26;32.6825;31.14;32.38;1841042;59408415
TFX;192.38;194.965;191.04;194;137748;26697153
TG;16.65;17.2;16.65;16.9;32371;545995
TGH;14.5;15;14.3;14.95;149875;2210866
TGI;24.6;25.75;24.438;25.3;492531;12353724
TGP;17.6;18.05;17.45;17.8;124182;2216803
TGS;14.98;15.48;14.76;14.99;222828;3350700
TGT;53.16;54.13;53.07;53.58;7427053;398845431
THC;17.52;17.59;17.21;17.47;1792127;31211773
THO;90.5;91.78;89.35;91.67;771674;70194179
TI;8.66;8.7;8.6;8.67;72515;628910
TIF;93.16;94.08;92.81;93.69;943032;88263773
TIME;18.85;19.05;18.65;18.8;1019941;19200846
TJX;76.35;77.375;76.35;76.8;3176182;244530997
TK;9.19;9.51;9.06;9.39;1159186;10910229
TKC;8.06;8.14;8.06;8.06;225364;1824999
TKF;8.23;8.2992;8.2;8.21;64727;533436
TKR;43.35;43.9;42.975;43.65;1456409;63215331
TLI;11.22;11.25;11.18;11.22;28277;317124
TLK;31.29;31.29;30.86;30.93;307698;9527165
TLRD;13.87;14.08;13.46;13.53;2063317;28228830
TM;105.68;105.89;105.34;105.51;321998;34000949
TMK;75.96;76.51;75.47;76.26;352210;26829640
TMO;152.78;153.52;152.2;152.92;1442672;220762287
TNC;70.35;71.35;70.1;71.3;74989;5308406
TNH;96.46;96.521;95.5;95.75;5858;563388
TNK;1.98;2.07;1.96;2.07;1258703;2552806
TNP;4.72;4.8;4.7101;4.75;108119;514403
TOL;35.17;35.69;34.99;35.435;1553680;55016499
TOO;5.17;5.36;5.15;5.36;430991;2279920
TOT;51.54;51.94;51.435;51.87;2351826;121551830
TPC;30.75;31.25;30.6;30.95;83837;2590545
TPL;282.87;282.95;279;281.455;16208;4561452
TPRE;11.9;11.9;11.7;11.9;283702;3356661
TPX;44.05;46.2;43.66;44.8;3474605;155352240
TR;36.9;37.34;36.5497;37.15;50106;1853837
TRC;21.42;22.31;21.41;22.14;42220;917471
TREX;66.68;67.69;66.609;67.24;55300;3716249
TRI;42.92;43.19;42.83;42.9;811996;34898080
TRK;19.06;19.44;19.05;19.4;24213;466094
TRMR;2;2.12;1.99;2.09;20372;42103
TRN;26.63;27.14;26.32;27.04;776271;20909735
TRP;46.47;47.05;46.47;46.69;773557;36182991
TRQ;3.09;3.12;3.06;3.08;1818208;5609229
TRR;17.45;17.5;17.45;17.5;299614;5230209
TRU;38.25;38.34;37.92;38.305;409615;15644025
TRV;121;121.07;120.19;120.54;1043574;125956434
TS;33.82;34.19;33.5999;34.11;2467579;83823825
TSM;32.88;32.94;32.73;32.87;3555312;116810288
TSN;61.91;62.73;61.78;62.62;2084021;130171727
TSO;79.22;80.17;78.8;79.32;2044769;162418456
TSS;52.77;53.18;52.59;52.87;594675;31436680
TSU;16.18;16.28;16;16.09;869332;14014365
TTC;61.53;62.58;61.34;62.33;380107;23670591
TTF;8.501;8.53;8.481;8.52;12978;110331
TTI;3.88;3.98;3.78;3.98;1504574;5861664
TTM;35.98;36.16;35.93;36.06;905082;32605440
TU;32.99;33.06;32.83;32.95;308209;10162899
TUP;62.03;62.5499;61.67;62.29;290711;18107629
TV;25.9;25.9;25.38;25.74;698866;17925030
TWI;10.17;10.29;10.02;10.13;370296;3753376
TWLO;26.94;27.14;26.76;26.93;1470579;39580938
TWN;18.74;18.74;18.61;18.62;3100;57786
TWO;9.6;9.67;9.56;9.64;1879540;18112099
TWTR;14.53;14.62;14.3;14.39;17624440;254447579
TWX;98.44;98.58;98.06;98.3;2338777;230009568
TXT;46.99;47.5;46.72;47.42;541930;25628653
TY;23.1;23.18;23.06;23.17;50210;1161750
TYL;152.75;154.95;152.15;154.84;86665;13351181
UA;18.72;19.38;18.6;19.04;4853188;92522036
UAA;19.82;20.55;19.675;20.27;4798445;97203900
UAL;70.16;70.93;69.56;70.22;1646848;115808496
UAM;9.98;9.99;9.97;9.99;124172;1239145
UAN;4.51;4.67;4.5;4.64;161901;743009
UBP;17.15;17.3;17.15;17.2999;714;12321
UBS;15.55;15.66;15.4601;15.58;1542283;24021813
UFI;26.97;27.4564;26.97;27.44;25084;685177
UGI;49.82;50.05;49.41;49.92;578356;28828540
UGP;22.68;22.92;22.46;22.58;509011;11536296
UHS;123.65;124.13;122.41;123.98;313807;38796237
UHT;65;66.1;64.77;66.07;28957;1902997
UIS;13.3;13.75;13.15;13.2;464873;6157340
UL;49.77;49.77;49.52;49.56;1663723;82582551
UMC;1.96;1.97;1.93;1.94;1241475;2408028
UN;50.19;50.192;49.88;50;3126955;156419324
UNF;136.2;137.45;134.45;137.35;22312;3055983
UNH;165.45;166.02;164.84;165.34;2369569;391992848
UNM;45.94;46.7;45.66;46.52;689472;32005428
UNP;104.79;107.39;104.77;107.08;3711052;396346116
UNT;23.75;24.16;23.47;23.98;399865;9587915
UPS;106.77;106.94;106.51;106.67;2413098;257431604
URI;121.51;124.96;121.2;124;1078453;133447872
USA;5.46;5.48;5.45;5.45;740148;4042746
USB;51.02;51.51;50.73;51.35;5294857;271427880
USG;30.7;31.07;30.665;30.77;742770;22926665
USNA;55.8;56.65;55.7;56.65;56682;3187613
UTF;21.78;21.91;21.68;21.9;221358;4834589
UTX;112.57;112.93;112.19;112.4;1408494;158466879
UVV;69.55;70.2;69.25;70.15;178644;12483620
V;89;89.26;88.78;89.09;6126607;545539344
VAC;99.3;99.85;98.07;99.3;111319;11029290
VAL;111.01;111.22;110.95;111.17;343285;38146062
VALE;9.47;9.56;9.12;9.16;30658315;285218252
VAR;91.16;91.81;90.8;91.35;767378;70134024
VBF;18.74;18.846;18.74;18.81;32899;618039
VCO;34.3628;34.3628;34.3628;34.3628;204;7010
VCV;12.32;12.32;12.26;12.32;131003;1610853
VEDL;16.74;16.96;16.7;16.9;262165;4419735
VEEV;50.7;51.24;49.9;51.22;961902;48760935
VER;8.58;8.66;8.54;8.66;7840583;67434869
VFC;53.98;55.04;53.84;54.19;2784281;151595562
VG;6.03;6.17;6.02;6.13;1787692;10900330
VGM;12.95;13.02;12.95;13.02;72027;936082
VGR;20.38;20.39;20.12;20.38;504368;10244563
VHI;3.08;3.2;3.04;3.18;60747;191118
VIPS;12.8;13.6;12.8;13.48;6630238;88603649
VIV;14.63;14.8066;14.49;14.5;1001417;14618780
VJET;2.74;2.82;2.74;2.78;51391;142925
VKQ;12.5;12.53;12.5;12.51;71082;889855
VLO;65.11;65.59;64.71;65.07;2961082;192872201
VLRS;14.51;14.51;14.21;14.24;476122;6818175
VLT;14.4;14.4484;14.385;14.44;12455;179532
VLY;11.54;11.7;11.42;11.69;2292335;26583029
VMC;118.5;120.26;118.4;119.35;850010;101440847
VMI;153.7;155.75;151.9;152.75;271216;41492764
VMO;13.03;13.1;12.99;13.09;79032;1032072
VMW;91.33;91.67;90.84;91.52;964953;88160854
VNCE;1.35;1.6;1.25;1.35;1306592;1834679
VNO;100.81;102.09;100.22;101.87;743019;75636984
VPV;12.19;12.23;12.19;12.23;18476;225422
VR;56.32;56.32;55.81;56.06;285488;16007674
VRX;9.52;9.89;9.47;9.63;15949698;154387527
VSH;15.8;15.9;15.65;15.85;961089;15191681
VSLR;2.95;2.9501;2.85;2.85;126199;364231
VSTO;18.82;19.23;18.68;19.17;804983;15304638
VTN;13.47;13.52;13.45;13.5;26044;351604
VTR;64.56;64.92;64.1;64.71;1405859;90887752
VVI;43.7;44;42.95;43.85;54546;2381668
VVR;4.63;4.66;4.62;4.63;516589;2397727
VZ;48.52;48.6;48.17;48.43;16679306;808088544
WAB;77.66;79.06;77.3;79;469118;36933979
WAC;0.9089;1.19;0.9;1.16;1361272;1493341
WAGE;70.25;70.9;70.1;70.65;144021;10170950
WAT;155.37;156.41;154.59;155.94;197435;30748488
WBAI;14.4;14.515;14;14.31;165776;2347472
WBC;115.96;117.19;114.74;116.93;326344;38089297
WBK;25.99;26;25.87;25.94;114134;2961322
WBS;48.64;49.63;48.2;49.35;510723;25106751
WCC;69.35;70.65;68.7;70.45;364084;25524458
WCG;142.65;144.17;141.47;143.95;177575;25438240
WCN;88.38;88.38;87.59;88.08;295536;26023489
WDAY;82.43;83.34;81.98;82.97;615217;50972854
WDR;16.22;16.595;16.11;16.56;1142892;18745567
WEC;61.1;61.2;60.695;60.82;1664087;101294378
WES;60.39;61.67;60.36;61.33;286562;17529400
WFC;54.95;55.65;54.705;55.37;9431263;521415641
WFT;6.58;6.72;6.47;6.56;17564073;115875138
WG;2.71;2.73;2.63;2.68;90523;242762
WGL;82.5;82.75;81.93;82.42;185113;15253097
WGO;26.7;27.45;26.225;26.65;2191644;58265644
WHG;52.25;54.37;51.99;53.87;19703;1051450
WHR;165.06;169.14;165.06;167.17;576066;96571008
WIT;10.16;10.18;10.015;10.06;650573;6567657
WLL;9.44;9.55;9.19;9.37;9980959;93706968
WM;73.15;73.26;72.74;73.09;1101397;80428599
WMB;29.82;30.26;29.6303;30.24;5191412;156155215
WMK;59.25;60.01;58.85;59.68;53823;3210461
WMS;21.85;22.3;21.85;22.25;254009;5631802
WMT;71.7;72.1;71.38;71.43;5251439;376167791
WNC;19.96;20.67;19.86;20.49;918300;18757812
WNR;34.25;34.84;34.25;34.42;644351;22241529
WNS;28.28;28.54;28.087;28.28;115492;3262735
WOR;43.45;43.65;42.83;43.02;495840;21410966
WPC;62;62.45;61.84;62.41;182091;11325681
WPG;8.73;8.82;8.61;8.74;3563607;31040068
WPZ;41.1;41.85;41.1;41.78;1078952;44967104
WR;54.65;54.74;54.21;54.335;519541;28242410
WRE;31.42;31.81;31.33;31.76;587191;18528060
WRI;33.49;33.645;33.28;33.58;715453;23995325
WRK;51.64;52.2;51.29;51.87;790007;40940172
WSM;54.1;55.4;54.09;54.41;2753641;150654446
WSO;141.06;142.55;140.16;141.25;286938;40496685
WSR;13.44;13.72;13.4042;13.68;100714;1369397
WST;80.37;80.39;79.57;80.17;181747;14554757
WTI;2.69;2.74;2.65;2.74;1053699;2851242
WTM;867.97;867.97;862;866.89;3397;2938661
WTR;32.42;32.461;32.08;32.36;447117;14426678
WTS;60.55;61.7;60.35;61.25;96419;5897541
WTW;15.57;16.1;15.57;15.89;589983;9374690
WU;19.7;19.74;19.5607;19.59;4014698;78798661
WUBA;36.17;36.83;35.84;36.16;346760;12586483
WWAV;56.22;56.24;56.22;56.23;4037764;227038382
WWE;22.06;22.4;21.88;22.34;344599;7652358
WWW;23.82;24.29;23.73;24.02;567337;13647202
WY;33.95;34.52;33.74;34.43;2634106;90353215
WYN;84.3;85.23;84.06;85.17;641038;54369690
X;32.65;33.465;31.95;32.9;18049443;590533302
XCO;0.5782;0.6;0.56;0.572;800564;459602
XEC;117.56;118.6;116.78;118.14;1141590;134387502
XEL;44.65;44.75;44.46;44.6;1810143;80727046
XIN;4.38;4.49;4.36;4.38;129384;571602
XKE;7.74;7.9;7.72;7.9;1300;10151
XL;39.33;39.82;39.23;39.8;1462057;58018673
XNY;1.54;1.65;1.54;1.55;16160;26039
XOM;82.75;83.21;82.46;83.01;8818281;731699051
XON;18.87;19.04;18.41;19.02;1029813;19269487
XOXO;17.09;17.22;16.9;17.2;52152;892019
XRX;7.17;7.17;7.07;7.13;7605127;54210975
XYL;50.53;51.4;50.37;50.92;1136764;57881401
Y;610.12;614.44;606.245;611.63;29184;17852208
YELP;33.26;33.62;32.83;33.43;2020788;67313353
YGE;3.15;3.18;2.84;2.94;369174;1097687
YPF;25.02;25.62;24.9;25.25;957929;24214591
YRD;24.97;24.97;24.5;24.56;154105;3795603
YUM;64.17;64.77;64;64.55;3773487;243276494
YUMC;31.45;32.12;30.4;30.76;13825748;429531750
ZF;11.17;11.22;11.16;11.18;158361;1772361
ZNH;35.5;35.75;35.5;35.73;8559;305164
ZTR;11.97;11.98;11.89;11.97;216030;2577359
