A;53.07;53.07;52.7;52.84;1058209;55934346
AA;33.25;34.13;33.151;33.73;2861422;96356370
AAC;8.43;8.43;8.21;8.3;49353;409015
AAP;142.51;143.54;141.93;142.05;781570;111470294
AB;22.85;22.945;22.625;22.65;462032;10548401
ABB;23.24;23.425;23.22;23.29;961921;22433933
ABBV;65.06;65.93;64.83;65.54;4942804;323848035
ABC;87.57;88.07;87.29;87.62;697964;61174697
ABM;41.87;42.085;41.67;41.9;266660;11164750
ABT;43.62;43.95;43.57;43.83;4979912;218111500
ABX;19.68;19.71;18.9351;19.14;12255365;237287809
AC;34.65;34.65;34.15;34.4;34125;1176304
ACH;12.98;13.02;12.94;12.95;14137;183535
ACM;33.68;33.98;32.68;33.02;3385891;112369049
ACN;117;117.74;116.5;117.44;1996484;234301000
ACP;14;14.15;14;14.13;57296;804857
ACV;20.63;20.76;20.4705;20.66;49778;1029588
ADC;48.6;48.82;48.35;48.63;68049;3309306
ADM;45.29;45.39;44.88;44.89;1140889;51423969
ADNT;66.71;67.2;66.1;66.85;562885;37557150
ADS;252.2;254.2;250.86;251.04;429524;108390695
ADX;13.74;13.78;13.71;13.77;121645;1672687
AEE;54.83;54.96;54.47;54.54;1389125;75960560
AEG;4.92;4.93;4.84;4.89;2639872;12902736
AEM;45.68;45.9;44.07;44.59;1511512;67998050
AEO;13.31;13.6;13.22;13.58;4655787;62800868
AEP;67.8;67.99;67.295;67.32;2619871;176741761
AER;43.95;44.15;43.28;43.38;1704472;74176590
AES;11.18;11.21;11.03;11.04;4973319;55185734
AET;128.4;129.21;127.92;128.36;1241874;159705802
AEUA;43.96;44.9505;43.95;44.125;8039;354501
AFB;13.38;13.4677;13.38;13.45;46387;621836
AFC;25.75;25.8184;25.7;25.79;3585;92352
AFG;94.29;94.64;93.84;94.27;195859;18463115
AFL;72.67;73.18;72.645;72.9;2672871;195038409
AG;8.9;9.07;8.64;8.75;4530999;40166350
AGC;6.1;6.11;6.07;6.1;164768;1004262
AGCO;61.14;61.81;60.92;60.95;306092;18752325
AGI;8.14;8.2798;7.92;8.02;2033893;16482093
AGM;55.01;55.72;54.71;54.92;17430;961685
AGN;237.62;239.73;236.43;238.85;1814142;432321989
AGO;38.05;38.8;38.05;38.7;2213022;85191647
AGR;43.19;43.46;43.09;43.15;374526;16191365
AGRO;11.14;11.65;11.14;11.37;1694894;19331567
AGU;93.47;94.2;93.34;93.77;236108;22156651
AGX;64.05;65.4;63.3;63.95;144639;9273635
AHC;5.9;6.05;5.8;6.05;52792;310836
AHP;10.75;10.86;10.7101;10.81;250415;2701134
AHT;6.36;6.41;6.15;6.17;753224;4686089
AI;14.06;14.148;14.02;14.02;152031;2140401
AIG;61.52;61.82;61.29;61.34;4277866;263033144
AIN;45.3;45.85;45.3;45.55;92481;4214163
AIR;33.44;33.735;32.84;33.61;151403;5084201
AIT;60.65;61.05;60.35;60.65;84674;5138173
AIV;44.92;45.09;44.75;44.92;559426;25135822
AJG;56.27;56.57;56.08;56.33;718599;40516223
AJRD;21.7;21.78;21.46;21.5;450190;9701315
AKOA;22.99;23;22.99;23;799;18373
AKOB;24.39;25.12;24.38;24.9608;12221;302759
AKP;13.33;13.39;13.33;13.38;27612;369102
AKR;29.88;30.16;29.78;29.94;654943;19633040
AKS;6.99;7.69;6.98;7.65;36124856;269360785
AL;37.03;37.15;36.3;36.68;921571;33738798
ALB;106.02;106.3;105.51;105.94;899926;95376314
ALDW;8.76;8.92;8.7241;8.82;38831;343427
ALE;68.44;68.98;68.36;68.7;207548;14253713
ALEX;44.26;44.94;44.085;44.64;57211;2555243
ALG;74.24;74.38;73.485;74.16;26030;1929861
ALK;88.99;89.82;88.41;89.17;978711;87221751
ALL;81.36;81.49;80.95;81.11;1008503;81869327
ALLE;74.61;75.14;74.58;74.69;314096;23479413
ALR;42.79;43.16;42.68;43.05;453885;19504504
ALV;96.8;97.34;96.3;96.4;343129;33165670
ALX;427.77;434.99;427.77;432.25;2436;1050821
AM;33.81;33.945;33.2;33.29;245378;8224720
AME;54.12;54.28;53.92;54.15;1164391;63055439
AMG;159.47;161.91;159.47;160.81;227763;36623074
AMH;23.67;23.8;23.58;23.75;1420869;33677307
AMN;39.55;39.675;39.3;39.65;830938;32867919
AMP;128.53;130.44;128.07;129.3;605998;78310322
AMRC;6.25;6.35;6.175;6.2;53169;333571
AMT;121.97;122.69;121.69;122.12;1592114;194427991
AMX;14.23;14.48;14.22;14.4;2577711;37022997
AN;40.14;40.3734;39.96;40.14;765329;30725889
ANF;10.61;10.72;10.5;10.61;2146696;22797627
ANH;5.56;5.56;5.5;5.53;524049;2898233
ANW;12.15;12.55;12.1;12.4;335741;4150595
AOD;8.19;8.28;8.181;8.28;294390;2424500
AON;119.04;120.27;118.95;119.64;1017005;121856380
AOS;49.74;49.98;49.48;49.87;699409;34815151
AP;13.75;14.85;13.65;14.5;93599;1354314
APA;52.53;53.11;52.2;52.64;3903751;205988959
APB;11.99;12.2;11.99;12.19;18341;223224
APC;63.07;63.08;62.2832;62.43;1787151;111859656
APD;134.78;135.55;134.33;135.01;2509692;338304559
APF;15.4783;15.61;15.46;15.58;3100;48061
APH;69.87;70.14;69.7;69.78;613620;42896819
APU;47;47.24;46.84;46.94;70679;3323339
ARA;17.68;17.695;16.78;17.33;72296;1242988
ARCH;75.27;76.88;74.525;74.75;599883;45434632
ARCO;7.8;7.8;7.7;7.75;587900;4552241
ARD;21.08;21.94;21;21.86;34254;738247
ARE;112.33;112.7;111.63;111.67;779602;87233105
ARI;18.77;18.89;18.71;18.76;642073;12083893
ARNC;26;26.495;26;26.41;1650537;43490259
ARR;23.1;23.23;23.01;23.05;311877;7210334
ARW;70.77;71.2;70;70.76;280788;19891873
ASA;12.57;12.63;12.29;12.36;65587;817498
ASC;7.85;8.35;7.8;8.35;174529;1416656
ASG;4.54;4.55;4.5322;4.55;23335;105952
ASGN;46.19;46.37;45.75;46.24;203001;9370459
ASH;124.5;125.68;124.37;125.08;186331;23323223
ASR;182.48;183.78;179.78;180.17;55378;10042560
ASX;6.41;6.44;6.38;6.42;1319350;8461953
AT;2.65;2.7;2.6;2.65;200689;535257
ATEN;8.84;8.91;8.8;8.91;198015;1758868
ATH;51.64;52;51.33;52;965273;50010248
ATHM;30.55;30.55;29.2;29.55;1259471;37309173
ATI;17.58;18.29;17.52;18.21;1815011;32830612
ATO;80.34;80.68;80.07;80.12;106582;8550107
ATR;76.49;76.79;76.02;76.16;173336;13217584
ATU;25.65;25.875;25.45;25.5;338097;8653855
ATV;9.06;9.68;9.0599;9.68;4529;41742
ATW;9.43;9.46;9.08;9.09;2479342;22731864
AU;12.33;12.36;11.82;11.94;4026819;48929291
AUO;3.9;3.92;3.86;3.89;3122709;12140125
AUY;2.9;2.95;2.81;2.84;8773678;25302019
AVA;39.52;39.66;39.355;39.41;266965;10539412
AVB;185.83;186.67;184.64;184.77;672370;124706454
AVD;16.75;17.6499;16.7;17.5;141806;2460151
AVP;4.32;4.4;4.25;4.31;11055147;47476205
AVT;44.57;44.895;44.52;44.6;722474;32280526
AVX;16;16.1;15.85;16.04;140128;2241503
AVY;79.84;80.2;79.26;79.54;449827;35768114
AWF;12.55;12.59;12.5229;12.57;157537;1979652
AWK;78.03;78.48;77.85;77.9;346138;27032459
AWR;43.89;44.31;43.89;43.98;82001;3613254
AXE;78.85;79.75;78.35;79;88623;6996012
AXL;16.89;17.07;16.78;16.95;1715800;29096744
AXP;77.48;78.235;77.37;77.77;1874237;145851634
AXR;6.29;6.4;6.217;6.22;1550;9665
AYI;172.25;174.47;171.77;173.12;917429;159014271
AZN;30.26;30.38;30.14;30.3;4210588;127452482
AZO;702.59;706.41;699.65;700.44;190594;133678187
AZZ;57.8;58.9;57.7;58.75;93011;5441195
B;51.1;51.33;50.29;51.05;151481;7735239
BA;178.39;179.09;177.26;178.85;2250162;401488905
BABA;107.88;109.07;106.76;108.99;7590223;822084202
BAC;23.03;23.34;22.93;23.16;74224569;1718269825
BAF;14.38;14.49;14.38;14.46;36545;528001
BAK;19.26;21.54;19.21;21.05;1109954;22949502
BAM;36.8;36.939;36.61;36.83;566771;20853058
BAP;161.77;161.77;160.03;160.18;160610;25804486
BAX;52.46;52.89;52.37;52.79;3096873;163350334
BBD;10.13;10.3;10.01;10.09;7594657;77154200
BBF;15.07;15.07;14.88;14.88;32986;493377
BBG;4.3;4.33;4.17;4.18;1673574;7061327
BBK;15.12;15.2;15.11;15.2;34328;520088
BBT;43.91;44.41;43.83;44.07;3672428;161951545
BBVA;7.53;7.56;7.51;7.53;1483910;11180097
BBW;8.65;8.8;8.6;8.8;89118;780392
BBY;48;48.31;47.68;48.22;4067376;195568462
BC;58.17;58.51;57.21;57.8;689591;39806366
BCC;29.1;29.6;28.7;29.3;247021;7221881
BCE;44.8;45.12;44.56;45.06;1250190;56221484
BCEI;0.92;1.25;0.8367;0.9599;6920068;7046457
BCH;73.97;74.87;73.9;74.34;24778;1844321
BCO;53.55;54.95;53.15;54.65;277341;15103769
BCR;248.89;250.44;248.81;249.39;273480;68335178
BCS;10.66;10.7499;10.62;10.68;3788083;40457162
BCX;8.7;8.77;8.6841;8.75;128492;1122369
BDN;16.61;16.73;16.57;16.6;466750;7764907
BDX;183.5;184.6;183.43;184.11;443168;81583123
BEN;41.75;42.2001;41.72;41.78;2225827;93239287
BEP;30;30.26;29.97;30.16;30099;905388
BFK;14.09;14.14;14.05;14.14;91853;1296172
BFR;19.12;19.39;18.92;19.03;281276;5372570
BFS;62.27;63.49;62.27;63.05;51261;3236229
BFZ;14.31;14.33;14.28;14.29;33104;473611
BG;77.17;77.48;75.67;75.99;1519827;116029014
BGC;17.55;17.8;17.45;17.65;284206;5013183
BGG;21.36;21.57;21.32;21.42;123265;2638980
BGR;13.93;14;13.9;13.94;63595;885353
BGY;5.84;5.87;5.83;5.85;267138;1563296
BH;428;442;426.63;435.24;12029;5219838
BHE;31.1;31.2;30.7;30.95;227562;7042270
BHI;61.02;62;60.62;61.28;1040999;63844673
BHK;13.58;13.6042;13.55;13.6;93095;1263838
BHP;36.84;37.695;36.81;36.97;3189990;118588297
BID;45.4;46.19;45.18;46.12;680032;31280068
BIF;9.33;9.34;9.3069;9.3375;107994;1007103
BIP;38.07;38.29;37.88;37.99;384487;14624083
BITA;23.92;23.99;23.22;23.48;318465;7491978
BJZ;15.04;15.08;15.04;15.07;5184;78091
BK;46.94;47.47;46.85;47.155;2410940;113689211
BKE;17.4;18.1;17;17.5;1257797;22224983
BKFS;38.65;39.05;38.5;38.8;132695;5147257
BKH;67.66;67.92;67.37;67.39;366858;24777444
BKN;14.63;14.7;14.5921;14.7;19038;279055
BKS;8.9;9;8.75;9;871661;7783773
BKT;6.22;6.24;6.22;6.23;54189;337661
BLH;14.85;14.87;14.83;14.84;6850;101777
BLK;381.72;389.3;381.72;386.02;416467;160866178
BLL;72.2;72.54;71.94;72.23;772762;55821501
BLX;27.9;28;27.73;27.86;130834;3644300
BMA;86.8;88.77;86.8;88.24;83878;7394365
BMO;74.53;74.92;74.3701;74.75;423615;31623595
BMS;48.16;48.56;47.89;48.15;357018;17179155
BMY;53.27;53.66;52.88;53.42;7179164;382697555
BNJ;14.9;14.99;14.8137;14.86;20427;304174
BNS;58.76;58.87;58.1;58.24;853064;49721537
BNY;14.52;14.56;14.47;14.55;19872;288652
BOE;12.55;12.6;12.5;12.57;342156;4294300
BOH;79.32;80.73;79.32;80.35;162121;13007496
BORN;1.13;1.23;1.12;1.16;137398;161449
BOX;16.7;16.8383;16.54;16.68;1251932;20867148
BP;34.83;34.99;34.76;34.85;3699999;129050848
BPI;11.42;11.7;11.31;11.56;130354;1509766
BPK;15.05;15.07;15.05;15.06;44609;671970
BPL;69.51;69.536;69.03;69.32;369112;25600887
BPT;23.1;24.25;22.7001;23.6;746006;17575689
BPY;22.15;22.23;22.02;22.12;82935;1833608
BQH;14.33;14.37;14.321;14.37;2200;31583
BR;66.66;67;66.49;66.66;384025;25607349
BRC;37.25;37.975;37.1;37.9;297193;11230750
BRFS;12.08;12.11;11.89;11.99;2275438;27309845
BRKA;248998;250396.75;248370;249465;176;43935871
BRKB;165.62;166.89;165.48;166.17;2209291;367230211
BRO;41.62;41.91;41.55;41.81;825658;34504638
BRS;14.63;14.63;14.13;14.33;502137;7209712
BRT;8.3956;8.3956;8.3499;8.38;4286;35920
BSD;13.52;13.56;13.52;13.56;8208;111113
BSE;13.21;13.28;13.21;13.27;5716;75663
BSX;24.58;24.795;24.56;24.65;5225990;128974838
BT;19.37;19.51;19.36;19.42;587685;11416532
BTE;3.47;3.49;3.4;3.41;1005534;3462050
BTO;34.07;34.16;33.77;34.16;46155;1569530
BVN;12.55;12.685;11.98;12.08;1069953;13039110
BW;9.07;9.17;9.04;9.12;451316;4109327
BWA;37.8;38.22;37.54;38.03;1694731;64300934
BWG;12.79;12.86;12.7876;12.85;34340;440116
BWP;18.61;18.7;18.51;18.52;170686;3167895
BX;29.55;29.9241;29.3;29.39;3654854;107796647
BXE;0.7889;0.789;0.773;0.7753;251249;195412
BXP;134.44;136.03;134.21;134.68;649467;87865538
BXS;29.7;30.25;29.6;30.05;489072;14672356
BYD;21.79;21.87;21.64;21.85;878540;19128813
BYM;14.03;14.04;13.98;14.04;37969;532051
BZH;11.77;11.92;11.73;11.9;302459;3589781
C;59.33;59.885;59.26;59.43;12572868;748470931
CAB;53.34;53.55;52.83;52.96;149116;7911037
CAE;15.23;15.25;15.095;15.14;90679;1376944
CAF;19.52;19.5952;19.39;19.46;121295;2367197
CAG;40.44;40.58;40.35;40.49;2070077;83849688
CAH;82.3;82.8;81.85;82.35;1580982;130138561
CAI;15.67;16.17;15.33;16.13;71051;1122992
CAJ;31.31;31.37;31.285;31.32;132445;4149789
CAL;25.38;25.7;25.355;25.61;197869;5060337
CAT;95.87;96.62;95.42;95.52;3840185;368556747
CB;136.94;138.03;136.94;137.47;749177;103085781
CBB;17.15;17.45;16.75;17.45;412886;7106708
CBD;19.05;19.24;18.81;18.94;334260;6349314
CBI;30.37;30.56;30.12;30.36;969406;29453193
CBK;1.35;1.36;1.29;1.29;455999;596163
CBL;9.1;9.14;9.04;9.1;1739722;15809021
CBM;56.2;57.05;56.15;56.75;155768;8824004
CBR;0.3235;0.3247;0.2826;0.31;3025977;910500
CBS;68.87;69.08;68.28;68.67;1710310;117313681
CBT;58.68;58.85;58.35;58.57;184425;10801992
CBU;52.74;53.55;52.74;53.21;141432;7523047
CBZ;14;14.15;13.95;14.05;136673;1922458
CC;37.41;38.15;37.3;37.73;1173048;44417426
CCC;14;14.35;13.9;14.2;211224;2995855
CCE;37.25;37.37;36.93;36.99;586438;21721155
CCI;94.42;94.87;93.93;94.5;1160939;109743109
CCJ;11.17;11.25;11.09;11.16;852299;9525879
CCK;52.83;53.15;52.8;52.9;878459;46516993
CCL;58.96;59.185;58.55;58.61;4199448;246792617
CCU;25.38;25.6;25.3132;25.49;160907;4100941
CDE;8.8;8.9;8.52;8.64;4147297;36147950
CDI;8.1;8.35;7.75;7.8;31232;250765
CDR;5.14;5.19;5.11;5.15;276307;1422161
CE;91.42;92.6099;91.02;92.22;543846;50140068
CEA;29.2999;29.51;29.29;29.51;4417;129623
CEE;21.36;21.36;20.99;21.28;27589;584666
CEL;10.4;10.4;10.33;10.33;3766;39002
CEN;12.85;12.85;12.72;12.79;50776;649585
CEO;122.02;123.23;121.68;122.36;81094;9955481
CEQP;27.35;27.35;26.7;26.85;97814;2637751
CF;29.54;29.85;29.2;29.51;2662951;78661565
CFI;31.2;31.7;31.2;31.65;12562;396631
CFR;88.3;89.43;88.18;88.89;262448;23309935
CGA;1.25;1.32;1.23;1.32;159387;204791
CGG;6.8742;6.88;6.87;6.87;400;2749
CGI;5.45;5.55;5.1;5.1;807336;4253947
CHA;49.85;50.27;49.85;49.92;20928;1047413
CHD;49.68;49.9;49.48;49.55;1353625;67194335
CHH;62.8;62.925;62.25;62.25;259048;16212538
CHK;6.28;6.3164;6.16;6.2;31525051;196015794
CHKR;2.75;2.75;2.7;2.7;49266;133376
CHL;55.01;55.31;55;55.17;419263;23132996
CHMI;17.21;17.4;17.19;17.19;171553;2969123
CHMT;33.35;33.4;33.35;33.4;148914;4971036
CHN;17.05;17.29;17.04;17.29;55979;965139
CHS;13.21;13.365;13.12;13.22;2045231;27063036
CHU;14.06;14.16;14.05;14.1;464060;6551689
CI;151.1;152.27;150.04;152.04;1292226;195937536
CIA;6.82;7.05;6.81;6.87;276014;1915105
CIB;40.36;40.64;40.11;40.22;285862;11522234
CIE;0.4899;0.6303;0.47;0.6263;21245090;11966038
CIEN;22;22.26;21.93;21.96;2440261;53864986
CIF;2.66;2.68;2.6501;2.66;73919;197087
CIG;3.05;3.13;3.02;3.09;4335250;13277373
CIM;20.26;20.34;20.16;20.19;1090470;22085597
CIR;58.01;58.71;57.87;58.09;40777;2372898
CKH;65.35;65.49;64.44;64.78;56112;3640063
CL;73.18;73.89;72.93;73.45;2931814;215569236
CLB;116.02;116.02;114.56;115.35;183206;21124372
CLD;4.78;4.82;4.71;4.77;742620;3540019
CLF;8.18;8.386;8.065;8.11;18367876;150557428
CLGX;40.22;40.3;39.92;40.2;384681;15444556
CLH;56.66;57.01;56.245;56.56;223714;12677568
CLI;27.06;27.24;26.9;27.21;616844;16748755
CLNS;12.7;12.78;12.52;12.72;5963519;75772159
CLR;46.34;46.64;45.86;46.01;1138714;52661635
CLS;14.48;14.6;14.41;14.46;386115;5588799
CLX;133.13;133.48;132.58;133.22;594377;79101434
CM;86.16;86.56;85.94;86.17;503971;43428978
CMA;67.32;68.77;67.32;68.14;957219;65146959
CMC;18.24;18.83;18.15;18.57;1900920;35321266
CMD;74.08;74.42;73.68;73.97;147466;10920393
CMG;449.75;450.6731;446.76;447.34;413547;185219579
CMO;10.56;10.67;10.53;10.53;481956;5100135
CMRE;6.3;6.34;6.21;6.23;512753;3215319
CMS;45.27;45.345;44.93;44.95;1576995;71170202
CMU;4.63;4.64;4.61;4.61;26206;121275
CNA;43.58;43.86;43.3;43.78;87303;3815402
CNI;74.09;74.5;73.22;73.39;1438113;105790261
CNO;20.73;21.09;20.71;20.93;1645454;34465284
CNP;27.96;28.17;27.83;27.9;3453666;96720057
CNQ;33.59;33.8;33.24;33.29;2084296;69842743
CNX;17.09;17.27;16.94;17.02;1978998;33860242
CODI;16.75;16.94;16.7;16.75;164538;2756106
COF;83.25;84.33;82.79;83.54;2347813;196285434
COG;24.92;25.035;24.34;24.42;4549819;111958739
COH;39.79;39.97;39.5125;39.63;2092844;83110775
COL;100.11;100.24;98.612;98.9;1183735;117333939
COO;197.14;198.29;196.33;197;272221;53654018
COP;49.85;49.995;49.38;49.54;5174557;257006199
COR;91.42;92.49;91.42;91.98;252100;23195056
COT;12.3;12.34;12.07;12.32;700342;8574317
CP;150.18;151.18;149.64;150.11;409453;61517772
CPA;114.8;117;114.58;114.93;391582;45360803
CPB;56.76;56.939;56.4;56.41;1642093;92826672
CPE;13.31;13.37;13.05;13.11;4246307;56000941
CPF;29.95;30.1;29.74;29.86;141209;4218345
CPG;10.96;10.96;10.62;10.67;849447;9144635
CPK;70.2;70.2;69.525;69.65;34773;2423874
CPL;16.46;16.545;16.33;16.36;227211;3737602
CPN;10.89;10.89;10.53;10.53;3449620;36621739
CPT;81.35;81.56;80.84;80.87;532576;43171573
CR;74.51;75.07;72.96;74.73;211601;15797482
CRC;14.81;14.96;14.32;14.55;1091127;15978027
CRH;34.59;34.85;34.57;34.76;536903;18643806
CRI;88.84;89.63;88.28;88.32;422679;37446421
CRK;9.21;9.23;9;9.15;128377;1169058
CRL;87.37;87.85;86.44;87.49;256245;22347368
CRM;84.7;84.85;83.82;84.38;4442947;374470198
CRR;11.25;11.3;10.83;10.89;621422;6854115
CRS;36.06;37.3;36.06;36.87;110212;4061188
CRT;15.31;15.4786;15.1928;15.47;6774;103903
CRY;16.15;16.2;15.55;15.9;109412;1731589
CS;14.42;14.52;14.35;14.42;3186087;45928993
CSL;103.84;104.47;103.52;103.92;183997;19114777
CSS;24.6755;24.76;24.554;24.6;6935;170739
CST;48.17;48.35;48.17;48.28;277175;13390436
CSTM;5.95;6.05;5.95;6;300000;1795036
CSU;13.94;13.99;13.75;13.9;224949;3123457
CSV;26.22;27.1;26.06;26.86;141253;3777074
CTB;43.4;43.7;43.1;43.65;262148;11400205
CTL;24.51;24.91;24.42;24.54;8903840;219915884
CTS;20.35;20.5;20.05;20.3;55241;1120994
CTV;25.6;25.64;25.55;25.55;23931;612883
CTX;25.27;25.32;25.26;25.31;45839;1159426
CUB;48.7;49.6;48.05;49.3;154251;7578964
CUZ;8.34;8.42;8.32;8.33;1998958;16699756
CVA;15.8;15.8;15.45;15.55;584378;9099049
CVE;11.34;11.4;10.95;10.96;6254652;69811733
CVEO;3;3.13;2.94;3.11;892888;2742404
CVG;21.05;21.49;21.03;21.3;732140;15619639
CVI;17.89;18.28;17.59;17.82;743543;13332549
CVO;4.52;4.52;4.41;4.41;29826;132263
CVS;77.05;77.22;76.555;77.08;4439424;341333910
CVX;109.38;109.58;108.665;108.86;3671642;400492682
CW;89.46;90.1;88.99;89.47;159744;14303535
CWEI;133.41;133.8;132.31;132.49;43262;5762181
CWT;36.05;36.35;35.9;35.95;76027;2742771
CX;9.32;9.43;9.24;9.34;10129342;94541584
CXE;5.08;5.12;5.05;5.06;44901;227658
CXH;9.66;9.72;9.66;9.69;5944;57648
CXO;129.99;130.45;128.725;129.21;589938;76514610
CXP;22.8;22.965;22.7214;22.95;520749;11923028
CXW;31.78;32.18;31.59;31.93;659588;21074171
CYD;18.65;18.8903;18.45;18.6;73245;1362860
CYH;8.91;8.93;8.74;8.86;1637691;14477532
CYS;8.1;8.17;8.05;8.07;1755907;14218995
CZZ;8.75;8.89;8.58;8.6;554594;4804760
D;78.36;78.461;77.54;77.59;1811601;141291695
DAC;1.7;1.8;1.7;1.75;16600;29324
DAL;45.22;45.405;44.75;45.17;8463519;381677468
DATA;50.8;51;50.37;50.66;490914;24873892
DB;16.48;16.585;16.34;16.46;5933897;97694992
DBD;28.75;29;28.45;28.9;717152;20684951
DCI;44.96;45.44;44.88;45.08;309589;13964413
DCM;23.79;23.88;23.72;23.73;103511;2461860
DCO;28.4;28.77;28.15;28.75;69397;1981917
DCP;39.15;39.23;38.45;38.56;220928;8552998
DD;80.25;80.5;79.92;80.05;1699224;136378328
DDD;14.34;14.4513;14.19;14.28;1060134;15188191
DDE;1.0301;1.05;1.02;1.05;23254;24080
DDF;10.3699;10.3999;10.36;10.3998;2528;26250
DDR;12.27;12.315;12.2;12.24;3219230;39471149
DDS;50.77;51.58;50.15;50.52;548355;27744592
DE;110.38;110.84;109.29;109.32;1126559;123751224
DECK;55.55;56.12;55.3001;55.78;535012;29813826
DEL;77;77.72;76.815;77.4;22849;1764668
DEO;114.43;114.655;113.98;114;350989;40127897
DF;19.39;19.69;19.29;19.55;1265955;24723104
DFS;65.99;66.55;65.68;65.98;2528015;167146410
DG;69.35;70.17;69.13;69.33;2692890;187290152
DGI;32.9;33.05;32.725;32.85;303354;9975360
DGX;97.76;98.05;97.31;97.85;337626;33020136
DHF;3.4;3.41;3.395;3.41;140228;477613
DHI;33.25;33.35;33.055;33.12;1715959;56895222
DHR;86.03;86.345;85.8;86.07;1073038;92347093
DHT;4.47;4.525;4.42;4.5;845301;3793384
DIS;112.82;113.28;112.53;112.58;3868266;436077327
DK;22.58;22.99;22.14;22.6;951641;21535148
DKL;31.6;32.1;31.25;31.4;19977;632489
DKS;49.59;50.29;49.52;49.97;1749520;87299406
DL;10.16;10.39;10.16;10.35;33095;340725
DLB;50.98;53.92;50.98;52.05;1197337;62957704
DLR;108.13;109.41;107.8;108.7;701605;76364289
DLX;68.12;68.94;68.12;68.5;133685;9158498
DNB;106.36;106.74;105.5;106.3;314160;33362414
DNOW;17.63;17.9;17.49;17.56;1071108;18870429
DNP;10.8;10.84;10.78;10.82;319632;3458013
DNR;2.51;2.51;2.36;2.37;6835426;16507291
DO;16.33;16.38;15.76;15.79;1832005;29235278
DOV;80.57;80.89;80;80.13;675498;54277416
DOW;63.43;63.57;63.1;63.19;2429695;153846970
DPS;96.34;96.72;96.205;96.55;844539;81517245
DPZ;182.05;182.87;174.92;175.16;2511813;443966777
DQ;19.62;20.005;19.225;19.45;78623;1527045
DRD;5.19;5.19;4.9;5.01;327830;1645041
DRE;27.27;27.49;27.25;27.31;1328033;36363705
DRH;10.97;10.995;10.73;10.74;1236260;13378125
DRI;83.21;83.4699;82.68;82.84;1168961;96979763
DRQ;53.8;54.05;52.85;53;409255;21755965
DS;4.03;4.075;3.97;3.98;365682;1465879
DSL;20.31;20.39;20.28;20.35;364085;7404555
DSM;8.41;8.42;8.39;8.41;114550;963275
DST;121.15;121.875;120.735;120.96;184943;22432306
DSU;11.54;11.6;11.54;11.59;141367;1636841
DSX;5.85;6.2;5.54;5.92;3616970;21359065
DTE;103.18;103.62;102.82;102.97;559849;57723415
DTF;14.97;15.01;14.94;14.955;15961;238837
DUC;9.22;9.2379;9.2;9.23;27014;249097
DUK;82.8;82.99;82.21;82.26;1454898;120065708
DV;35.7;35.95;35.5;35.6;462309;16515436
DVA;67.55;67.55;66.99;67.03;558410;37472704
DVD;2.15;2.15;2.05;2.05;11408;23501
DVMT;64.32;64.96;64.2;64.87;1503093;97244952
DVN;42.81;43.1;42.49;42.54;3201834;136881342
DX;6.89;6.93;6.82;6.9;387516;2673651
DXB;24.94;24.99;24.9;24.96;83528;2084833
DY;94.17;95.36;94.04;94.53;273174;25873121
E;32.26;32.38;32.2;32.3;189205;6110744
EARN;14.75;14.78;14.66;14.67;14795;218009
EAT;42.55;43.18;42.49;43.11;980030;42171056
EBF;15.9;16.15;15.7;16.05;62268;995312
EBR-B;6.5;6.5699;6.35;6.39;16540;106675
EBS;28.5;28.7;28.065;28.5;260550;7399954
EC;9.48;9.63;9.48;9.56;1112533;10641725
ECA;11.89;11.92;11.58;11.61;7703949;90376896
ECL;124.85;125.59;124.7;125.25;470925;59002719
ECT;2.1;2.1337;2;2;95963;197415
ED;78.69;78.7601;77.8;77.82;1315150;102698744
EDF;16.11;16.23;16.085;16.22;103690;1678851
EDU;61.39;61.43;60.19;61.06;449288;27360489
EE;51.1;51.3;50.8;50.9;181167;9237964
EEP;19.37;19.58;19.07;19.08;1230016;23535874
EEQ;18.96;18.96;18.48;18.49;142072;2642417
EFC;15.75;15.789;15.63;15.7;35584;559938
EFT;15.03;15.11;15.02;15.0393;127080;1912952
EFX;135.87;136.55;135.26;136.22;299309;40754732
EGN;54.74;55.24;54.04;54.54;854150;46693187
EGO;3.525;3.61;3.43;3.47;4907975;17253474
EGP;75.21;76.7;75.21;76.15;386183;29441453
EGY;0.901;0.928;0.89;0.9007;208786;189139
EHI;10.07;10.11;10.07;10.11;91308;922068
EIX;80.62;80.86;80.23;80.25;1556967;125296988
EL;84.36;84.45;83.67;84.15;893850;75217848
ELLI;103.41;104.46;103.19;103.5;210465;21859426
ELP;9.76;9.91;9.71;9.86;365730;3589449
ELY;11.25;11.46;11.25;11.35;885726;10062862
EMD;15.41;15.5;15.41;15.5;170335;2634952
EME;62.12;63.68;62.08;62.88;211530;13328496
EMES;13.51;13.65;13.2158;13.34;368025;4940197
EMF;14.31;14.31;14.15;14.25;67500;959857
EMN;79.86;80.5;79.58;80.34;522832;41958605
EMO;13.78;13.81;13.6903;13.76;75083;1034188
EMR;59.63;59.72;59.15;59.36;1835993;109082773
ENB;42.2;42.45;42.2;42.355;2140586;90674305
ENIA;10.61;10.64;10.455;10.47;1208825;12699761
ENO;24.94;25.1;24.94;25.03;9217;230842
ENR;57.58;58.21;57.12;57.6;647491;37346104
ENZ;8.1;8.196;7.92;8.02;254751;2041601
EOG;98.23;98.48;97.04;97.36;2471241;240942549
EOS;13.55;13.62;13.55;13.61;102784;1398021
EPC;70.36;72.105;69.7;71.71;499662;35753448
EPD;27.91;27.95;27.66;27.86;2523663;70300439
EPR;74.26;74.76;74.12;74.35;243293;18093668
EQR;62.99;63.36;62.81;63.04;1315285;83024465
EQS;2.49;2.49;2.38;2.43;5924;14599
EQT;63.5;63.61;62.8;63;1207891;76295084
ERJ;22.03;22.27;21.93;21.97;545842;12049804
ESE;57.6;58.25;57.5;57.9;67193;3892433
ESL;85.5;85.95;84.225;85.6;117659;10057590
ESS;232.44;233.98;232.12;233.42;148894;34753304
ESV;9.32;9.365;9.12;9.17;6321395;58272392
ETE;19.43;19.55;19.27;19.27;1577112;30581582
ETH;30.1;30.4;29.6;29.7;182441;5448909
ETJ;9.16;9.22;9.14;9.2;259667;2383097
ETM;14;14.05;13.6;13.7;143909;1974103
ETN;74.52;74.93;74.2;74.57;1484348;110786592
ETP;36.49;36.78;36.34;36.35;2215708;80930364
ETR;75.98;76.45;75.76;75.95;1304611;99378973
EURN;7.75;7.9;7.7;7.8;338027;2645435
EV;43.45;43.71;43.28;43.35;550794;23915227
EVC;6.25;6.45;6.25;6.45;255349;1637333
EVF;6.73;6.74;6.715;6.74;78144;525800
EVG;14.08;14.08;14.04;14.08;41568;584918
EVHC;60.26;60.45;59.31;60.14;690584;41483806
EVN;13;13.01;12.92;12.96;65665;852364
EW;93.56;95.11;93.34;94.46;1010087;95479321
EXC;36.31;36.47;35.93;35.97;5217486;188620654
EXK;3.7;3.72;3.38;3.43;2905531;10290165
EXP;95.46;97.79;95.04;97.02;390285;37802324
F;11.26;11.31;11.21;11.23;27399300;308457951
FAF;37.94;38.23;37.81;38.16;351265;13385270
FBC;27.87;28.17;27.72;28.09;206173;5776700
FBP;5.61;5.65;5.52;5.54;877172;4873676
FBR;9.18;9.36;9.105;9.16;1025722;9456641
FC;20.55;21.25;20.405;20.9;68715;1436995
FCAU;10.23;10.26;10.11;10.12;6420426;65421386
FCF;12.82;12.96;12.775;12.95;281165;3631837
FCFS;48.25;48.6;48;48.05;191010;9210294
FCH;7.34;7.35;7.27;7.28;817297;5964353
FCN;41.1;41.42;40.74;41.2;177869;7316938
FCX;13.41;13.57;13.281;13.37;17037614;228331901
FDC;14.83;15.005;14.67;15;2462783;36629805
FDP;59.53;59.7;59.1;59.26;129591;7694255
FDS;160.61;160.93;157.74;159.91;387321;61737691
FDX;195.54;196.88;195.37;195.65;1349707;264580329
FE;31.89;31.94;31.3;31.32;5028827;158230146
FF;13.98;14.31;13.83;14.28;71626;1016028
FFC;20.58;20.683;20.58;20.68;67608;1395674
FFG;64.3;64.8;63.85;64.7;15953;1029472
FGP;6.14;6.14;6.0001;6.04;181390;1096359
FICO;127.67;129.35;127.3;128.5;59484;7648071
FIF;19.27;19.35;19.12;19.19;27877;535976
FII;26.1;26.36;26.06;26.15;383962;10060020
FIS;79.64;80.11;79.43;79.87;1021417;81558152
FIT;5.63;5.695;5.5;5.51;7288706;40572213
FIX;35;35.35;34.9;35.15;154777;5439557
FL;72.2;72.52;71.51;72.28;1690497;121915526
FLO;19.46;19.56;19.39;19.42;553922;10784128
FLR;52.32;52.67;51.88;51.89;711675;37081384
FLS;48.63;49.08;48.29;48.64;916640;44668567
FLY;12.6;12.84;12.6;12.73;94153;1201337
FMC;72.58;75.93;72.58;75.25;3674527;274913238
FMS;41.61;41.71;41.55;41.63;76439;3181713
FMX;92.65;92.82;91.85;92.37;251530;23259690
FNV;68.3;68.73;66.93;67.19;548967;37092623
FOE;15.22;15.52;15.08;15.43;400949;6174788
FPT;13.18;13.18;13.1608;13.17;7950;104754
FR;27.45;28.01;27.45;27.76;814571;22636863
FRC;91.83;92.66;91.71;91.97;1072707;98750187
FRO;6.7;6.74;6.665;6.71;338816;2269953
FRT;133.08;133.56;132.45;132.73;301303;40016748
FSM;5.58;5.58;5.225;5.31;1285936;6890944
FSS;13.4;13.56;13.26;13.54;158188;2135822
FT;7.06;7.07;7.0401;7.05;13239;93432
FTI;33.98;34;33.42;33.5;1827519;61571761
FTK;12.59;12.6;12.28;12.45;504322;6291742
FUL;50.2;50.85;49.93;50.66;306138;15500267
FUN;68.84;68.84;68.32;68.68;55328;3792372
G;23.36;23.85;23.34;23.83;1698137;40136755
GAB;5.91;5.94;5.9;5.94;308264;1824527
GAM;33.54;33.71;33.45;33.67;8839;297072
GATX;61.86;62.44;61.46;61.89;202121;12522401
GBL;28.86;28.86;28.65;28.84;8144;234216
GBX;48.35;48.65;47.65;47.85;628424;30269187
GCH;10.64;10.6655;10.61;10.61;4182;44453
GCI;8.21;8.21;7.98;7.98;1057059;8475712
GCO;51.4;51.75;50.75;51.3;233411;11967958
GCV;4.92;4.93;4.81;4.9;56436;274829
GD;188.8;189.42;186.6;188.04;950117;178881982
GE;29.92;30.19;29.92;29.99;17917828;538299306
GEF;55.19;55.53;54.1775;54.84;258718;14170320
GEL;33.32;33.455;33.16;33.26;322674;10750540
GEO;46.55;47.3;46.27;46.61;627840;29350362
GER;8.18;8.18;8.08;8.1;86064;700693
GES;10.65;10.78;10.61;10.73;1014846;10856414
GF;14.7471;14.86;14.7471;14.86;13265;196638
GFA;16.98;16.98;16.48;16.55;197420;3294515
GFF;23.6;23.85;23.15;23.3;161509;3772097
GFI;3.78;3.85;3.66;3.73;5916721;22233003
GG;15.09;15.12;14.56;14.75;7233088;107290527
GGB;3.26;3.43;3.26;3.32;9636428;32290380
GGG;93.43;94.58;93.42;94.06;148982;14010047
GGP;23.04;23.22;22.93;23.06;4526547;104578598
GGT;8.11;8.14;8.0835;8.14;44896;364241
GIB;47.09;47.34;47.09;47.12;156847;7402413
GIL;26.54;26.63;26.28;26.45;246618;6528777
GIM;6.62;6.67;6.62;6.67;181723;1207462
GIMO;34.55;34.805;34.2;34.7;288880;10010390
GIS;57.82;57.91;57.615;57.65;1755801;101380716
GLF;0.3;0.3;0.2609;0.2686;458323;124060
GLOG;14.95;15;14.551;14.65;293237;4318796
GLP;19.45;20.1547;19.45;19.8;27893;555507
GLT;21.12;21.3;21.07;21.14;98470;2082722
GLW;26.72;26.94;26.69;26.81;3979393;106754387
GM;34.03;34.2;33.7;33.71;13100761;443645451
GME;21.82;22.0209;21.58;21.66;3582752;78012882
GNC;6.8;6.83;6.51;6.65;4206968;27843363
GNK;12.7;14.48;12.47;14.4;403712;5481093
GNL;24.13;24.45;24.1;24.16;234524;5689035
GNRT;5.46;5.67;5.41;5.58;288126;1600237
GNW;3.99;4.05;3.93;4.04;9672895;38630444
GOL;29.62;30.14;29.06;29.36;98555;2928697
GPC;90.08;90.52;89.83;89.86;326112;29364201
GPI;66.54;67.22;65.86;66.39;161827;10770451
GPK;12.96;13.02;12.84;12.85;1431678;18459432
GPN;77.99;78.47;77.73;77.93;495667;38659686
GPS;23.99;24.42;23.94;24.035;4696601;113312684
GPT;26.76;26.94;26.72;26.79;426886;11452405
GPX;23.4;24.5;23.3;24.3;26635;635872
GRA;68;68.4;67.37;67.69;1448065;98012001
GRR;11.42;11.42;11.3681;11.3681;1649;18788
GS;226.6;228.83;226.23;227.88;2430222;553112902
GSH;31.35;31.5;31.35;31.44;900;28278
GSK;41.42;41.58;41.23;41.47;3528928;146154252
GSL;1.42;1.45;1.4;1.4;119198;167897
GTN;14.4;14.7;14.3;14.4;411928;5972680
GTY;26.02;26.11;25.8571;26.09;202187;5264496
GUT;6.91;6.97;6.9099;6.92;81466;563940
GVA;51.27;54.3;51.27;53.82;1241886;66470991
GWR;67.37;68.05;67.1;67.36;400333;27043494
GWRE;58.29;59.14;58.25;59.08;319288;18813919
GWW;229.52;231.13;228.63;229.27;505443;116057036
GXP;29.28;29.29;28.92;28.94;2185886;63494996
HAE;40.5;40.81;40.29;40.68;256678;10419133
HAL;50.33;50.5;49.5;49.68;5506322;274600500
HBI;20.7;20.935;20.585;20.82;2939703;61251993
HCA;88.63;88.63;87.58;87.9;990705;87123259
HCN;71.63;72.48;71.63;72.26;1828559;132172305
HCP;31.49;31.87;31.34;31.785;4553837;144439307
HD;147.1;147.8;146.9;147.13;2374853;349897231
HDB;75.9;76.67;75.77;76.52;437757;33446078
HE;33.69;33.79;33.58;33.64;306298;10314106
HEI;85.97;86.43;85.81;86.32;96729;8343820
HES;48.35;48.77;47.98;48.05;1909394;92241031
HFC;26.36;26.86;25.98;26.6;2733666;72353009
HGT;2.1;2.2;2.05;2.2;288285;620756
HHC;117.42;119.47;116.73;118.83;260706;30987656
HHS;1.26;1.36;1.26;1.3;188695;246769
HI;35.4;35.75;35.3;35.65;263812;9383218
HIG;47.83;48.1;47.64;47.83;2024447;96948634
HIO;5.09;5.1372;5.09;5.11;538992;2754575
HIW;50.69;51.19;50.66;50.93;401202;20457623
HIX;7.25;7.3;7.245;7.27;264630;1926102
HK;7.62;7.985;7.61;7.82;1331224;10412084
HL;5.48;5.545;5.37;5.4;5060883;27579179
HLF;57.76;58.4;57.42;58.09;420056;24411963
HLS;42.56;42.65;42.4;42.62;554526;23594346
HLT;57.08;57.08;55.91;56.595;2026013;114206014
HLX;7.77;7.86;7.42;7.54;2055416;15498102
HMC;28.8;28.87;28.685;28.77;954608;27479150
HMLP;19.7;20.2;19.55;19.85;45359;903937
HMN;39.75;40.175;39.575;40.05;108591;4346518
HMY;2.73;2.75;2.58;2.65;5427203;14469275
HNI;45.65;46.11;45.44;45.84;185934;8518895
HNP;27.18;27.23;27.09;27.09;63039;1710710
HNR;6.7;7.24;6.7;7.12;174743;1239186
HOG;60.57;61.2996;60.46;60.91;1360522;82784906
HON;123.97;124.47;123.59;124.27;1555187;193167462
HOS;3.83;3.896;3.54;3.56;681712;2475588
HOV;2.24;2.3;2.19;2.19;1081385;2430575
HP;68.18;68.2;67.13;67.32;813174;55059439
HPE;17.95;18.45;17.91;18.28;25948818;473513364
HPF;21.23;21.427;21.23;21.28;43208;922299
HPI;21.62;21.79;21.62;21.69;35884;778856
HPQ;17.54;17.63;17.28;17.37;13050712;226876686
HQH;24.11;24.66;24.11;24.6;108704;2649692
HQL;19.34;19.58;19.27;19.58;76036;1476854
HR;32.69;32.95;32.63;32.8;956046;31395163
HRB;23.53;23.59;23.22;23.4;2242841;52444723
HRC;70.11;70.73;69.931;70.3;330629;23251577
HRL;34.39;34.5;34.24;34.25;1448727;49730590
HRS;109.89;110.7625;109.57;110.17;377593;41644014
HRTG;12.34;12.5842;12.28;12.48;130872;1635676
HSBC;40.67;40.73;40.5;40.57;1198960;48687326
HSC;12.55;12.7;12.35;12.55;244557;3060493
HSY;109.02;109.8;108.61;109.52;825515;90392547
HTGC;14.94;15.07;14.94;15.01;309064;4638556
HTZ;15.68;16.17;15.46;15.48;3180720;50028117
HUM;211.84;212.99;209.91;210.75;861704;182015914
HUN;24.52;24.755;24.38;24.67;1994830;49136607
HVT;24.05;24.45;23.5;23.95;57003;1362953
HW;23.52;23.62;23.51;23.58;341987;8062334
HXL;54.54;54.57;54.1;54.2;271020;14706092
HY;55.2;55.83;54.55;55.57;74603;4137982
HYB;9.36;9.44;9.36;9.44;16734;157542
HYH;38.71;39.33;38.56;39.18;301937;11773516
HYI;15.34;15.42;15.34;15.39;37110;571180
HZO;21.7;21.725;21;21.1;116018;2460651
IAG;4.33;4.415;4.15;4.2;10475826;44998302
IBA;54.33;54.75;53.81;54.29;5900;320748
IBM;172.08;172.93;171.28;172.14;3026199;521437137
IBN;8.6;8.69;8.6;8.64;1980687;17150278
ICB;17.98;18;17.98;18;9298;167262
ICE;60;61.05;59.86;60.76;2941837;178719817
ICL;4.3;4.335;4.3;4.3;30517;131525
IDA;83.42;83.8;82.79;82.82;96831;8046039
IDT;13.14;13.32;12.92;13.21;217745;2865704
IEX;93.01;93.97;93.01;93.33;109302;10203188
IFF;132.31;133.2;132.08;132.25;265273;35145735
IFN;25.84;25.85;25.67;25.85;86101;2219991
IGD;7.26;7.29;7.26;7.27;238768;1736229
IGI;20.35;20.49;20.29;20.49;46104;939908
IGR;7.58;7.61;7.553;7.57;292520;2218994
IHG;48.56;48.71;48.47;48.66;90020;4377996
IIF;32.79;32.95;32.77;32.85;20173;662023
IIM;14.76;14.84;14.76;14.78;139295;2060749
INB;9.16;9.21;9.15;9.2;60351;553350
ING;15;15.03;14.92;14.95;2348407;35133925
INGR;120.31;120.72;119.74;119.77;304468;36558426
INSI;19.02;19.13;19.02;19.06;13062;249245
INSW;19.02;19.02;18.77;18.86;86535;1631817
INT;35.82;35.8755;35.31;35.5;459879;16311694
INVN;12.48;12.55;12.47;12.51;800248;10013107
INXN;39.2;39.535;39.12;39.37;399616;15738161
IO;4.7;4.7;4.45;4.55;88168;400389
IP;50.77;51.1099;50.44;50.505;1077819;54635879
IPG;24.32;24.37;24.2;24.23;1878847;45609117
IPI;1.8;1.8501;1.75;1.79;1323014;2366890
IQI;12.46;12.49;12.45;12.48;127345;1588623
IR;82.49;83.1;82.36;82.62;1468839;121569776
IRL;13.02;13.15;12.99;12.99;15851;206484
IRM;35.32;35.63;35.21;35.52;1118413;39643414
IRR;6.46;6.51;6.441;6.51;60808;394199
IRS;25.94;26.1;25.66;25.83;46587;1208613
IT;110.32;110.74;109.77;110.08;577713;63622272
ITG;19.98;20.0797;19.82;19.99;103570;2069299
ITGR;39.9;40.5;39.6;40.2;206051;8268106
ITT;39.63;39.94;39.51;39.59;299785;11893496
ITUB;12.06;12.28;11.96;12.04;10190243;123498402
ITW;131.46;132.32;131.44;131.73;556652;73421887
IVC;10.5;10.6;10.3;10.4;346704;3611824
IVR;15.59;15.68;15.45;15.46;666822;10384983
IX;75.58;75.86;75.48;75.55;19220;1453453
JBL;28.74;28.89;28.57;28.72;1751310;50329072
JBT;84.75;85.6;84.15;85.1;277052;23555021
JCI;41.14;41.319;40.88;40.99;2986519;122720266
JCP;5.94;6.02;5.76;5.82;18908339;110774630
JE;6.32;6.32;6.0895;6.11;215431;1324900
JEC;54.49;54.93;54.31;54.52;302570;16524577
JEQ;7.94;8.01;7.94;7.99;4521;36083
JFC;18.49;18.5875;18.46;18.55;49792;923611
JHI;17.14;17.18;17.08;17.11;8079;138431
JHS;14.24;14.24;14.17;14.18;11249;159814
JHX;15.81;15.87;15.81;15.827;5664;89731
JKS;16.73;16.97;16.67;16.69;123002;2063627
JLL;104.27;105.31;103.58;105.13;165789;17380209
JMEI;3.49;3.53;3.45;3.47;421366;1464113
JNJ;125.12;125.47;124.83;124.92;3070476;384043765
JNPR;27.81;28.06;27.76;27.87;2953060;82484699
JNS;12.89;12.95;12.8;12.81;1031995;13280159
JOE;16.85;17.1;16.8;17;117078;1993908
JOF;10.68;10.7155;10.62;10.66;57047;607609
JP;9.03;9.03;8.98;9.03;3920;35337
JPC;9.89;9.92;9.854;9.9;173146;1714193
JPI;24.22;24.31;24.2;24.21;37256;903485
JPM;85.93;86.81;85.71;86.18;11896112;1026380598
JPS;9.64;9.7;9.64;9.68;394892;3821366
JPT;25.45;25.45;25.16;25.201;16314;411562
JWN;44.52;44.93;44.1501;44.53;1452914;64832085
K;72.36;72.73;72.255;72.59;1469789;106679814
KAI;58.95;59.5;58.7;59.15;22178;1309947
KB;42.98;43.12;42.815;42.94;90104;3874460
KBH;19.81;19.98;19.72;19.74;1771687;35146905
KBR;14.74;14.9;14.6698;14.79;1236809;18277397
KCG;17.32;17.685;17.25;17.55;732919;12804587
KEF;8.67;8.7;8.6;8.64;31501;273275
KEG;24.37;25.25;23.26;25.14;126467;3106404
KEM;11.14;11.3;11.04;11.18;262183;2933290
KEP;19.9;19.95;19.5;19.54;925670;18245591
KEX;71.1;71.55;70.95;71.1;332615;23671430
KEY;17.36;17.59;17.3;17.44;6523374;113720474
KEYS;36.23;36.46;35.76;35.94;642558;23165076
KF;36.79;37.0599;36.75;36.77;25059;923373
KFS;5.7;5.8;5.6657;5.75;9339;53455
KFY;30.23;30.3;29.93;30.17;195114;5882179
KGC;3.645;3.72;3.51;3.58;17832049;65013733
KIM;21.72;21.78;21.46;21.5;3934340;85038381
KKR;17.56;17.685;17.425;17.45;2435208;42683466
KMB;131.28;132.25;131.11;131.33;827515;108896447
KMG;44.74;45.7;44.74;45.18;57676;2611925
KMI;21.75;21.83;21.53;21.56;7716958;167186768
KMM;8.72;8.76;8.7097;8.75;92160;805473
KMT;39.22;39.85;39.02;39.31;494827;19473963
KMX;57.8;58.17;55.71;56.5;6453054;364377723
KNOP;22.8;22.9;22.65;22.9;22876;521973
KO;42.64;42.74;42.51;42.61;10260169;437370647
KOF;72.04;73.42;71.76;73.37;64328;4697542
KOP;43.2;43.4;42;42.2;154826;6553990
KORS;37;37.6;36.91;37.555;1578327;59078604
KR;29.38;30.01;29.28;29.86;6985711;208453437
KRC;72.85;73.46;72.678;73.13;174100;12742040
KSM;12.63;12.64;12.57;12.62;14523;183141
KSS;39.43;39.69;39.02;39.205;2738456;107531418
KST;12.2;12.2;12.1833;12.2;7620;92917
KSU;87.03;87.69;86.83;87.63;840934;73538509
KTF;13.37;13.53;13.37;13.47;103189;1389154
KTH;32.39;32.39;32.15;32.15;575;18576
KTN;33.2;33.2;33.1504;33.1504;868;28796
KW;22.2;22.425;22.125;22.25;321153;7137282
KWR;138.09;141.04;138.09;140.39;27252;3819482
KYN;21.49;21.63;21.4;21.5;412966;8877402
KYO;54.59;54.865;54.31;54.58;15320;835753
LAD;83.51;84.28;82.93;82.99;324631;27055027
LAZ;45.13;45.68;45.04;45.4;588542;26715472
LB;47.7;48.26;46.8;47.23;6692020;316956472
LBF;8.52;8.57;8.52;8.57;9215;78712
LC;5.34;5.395;5.245;5.35;3616609;19281178
LCI;22.7;23.75;22.575;23.6;697515;16312898
LCII;92.4;94.35;92.4;94.25;104580;9795768
LDF;10.81;10.94;10.81;10.84;7621;82854
LDL;49.75;50.1;49.35;49.8;67471;3353383
LDR;47.65;47.65;46.5;47.05;26603;1250195
LEA;133.95;135.08;133.18;134.36;468978;63006762
LEE;2.5;2.6;2.5;2.6;227555;580492
LEG;50.79;51.23;50.79;50.91;682579;34788147
LEJU;3.13;3.21;3.09;3.16;46526;146903
LEN;50.73;51.06;50.64;50.7;816788;41503189
LEO;8.75;8.77;8.7;8.75;100540;878271
LFC;15.15;15.245;15.14;15.19;128634;1954910
LFL;13.25;13.48;13.15;13.31;647232;8641807
LH;143.82;143.98;142.46;143.39;429568;61544637
LHO;28.82;28.96;28.36;28.45;1171071;33419818
LII;164.66;166.66;164;164.61;211094;34758213
LL;22.84;22.94;22.58;22.7;752590;17122453
LLL;164.84;166.15;163.42;165.8;701297;116216605
LLY;85.34;85.66;84.9093;85.32;2456294;209340902
LM;36.05;36.4;35.8601;36.29;883504;31981182
LMT;272.34;272.34;268.18;270.24;712110;192469792
LNC;64.99;65.98;64.61;65.61;1353056;88690777
LNN;85.5;86.66;85.19;85.94;44538;3818766
LNT;40.01;40.07;39.65;39.69;591879;23569503
LOW;81.91;82.4;81.91;82.14;2795775;229783850
LPG;10.18;10.36;9.9;9.91;227664;2295549
LPI;14.51;14.745;14.34;14.45;2914183;42390779
LPL;13.13;13.17;13.1;13.14;312533;4105958
LPX;25.61;25.95;25.55;25.79;1305079;33648658
LQ;13.67;13.67;13.37;13.5;816201;11025811
LTC;48.23;48.75;48.11;48.49;182576;8854069
LUB;3.11;3.25;3.1;3.17;96033;306957
LUK;26.19;26.44;26.1;26.29;820573;21579657
LUV;53.34;54.87;53.26;54.54;7230776;392545024
LUX;53.84;54.081;53.62;53.62;35580;1918745
LVLT;58.55;59.12;58.45;58.54;1814057;106692581
LVS;56.56;56.9;56.04;56.2;2815895;158387173
LXP;10.18;10.33;10.17;10.19;1808092;18515956
LXU;8.74;8.8;8.5;8.51;264549;2276186
LYG;3.19;3.19;3.15;3.17;8207932;26013541
LYV;31.23;31.4;31.17;31.22;634849;19846884
LZB;27.15;27.8;27.05;27.4;377943;10384077
M;29.37;29.62;29.05;29.1;4460324;130339719
MA;112.18;112.75;111.84;112.24;1665636;187206167
MAA;102.9;103.37;101.9;101.93;427426;43731119
MAC;64.19;64.54;63.99;64.07;676241;43419920
MAIN;38.18;38.53;38.13;38.34;191260;7332288
MAN;98.07;98.42;97.15;97.54;460329;44928145
MANU;16.85;16.95;16.75;16.8;8962;150808
MAS;33.72;33.87;33.49;33.5;3465086;116472424
MATX;31.62;31.76;31.15;31.22;133755;4201330
MAV;11.05;11.12;11.05;11.12;65374;725440
MBI;8.99;9.14;8.91;8.93;2065690;18581784
MBLY;61.72;61.82;61.7;61.74;2947879;182056067
MBT;11.18;11.25;10.65;10.84;6975793;76219800
MCA;14.73;14.79;14.65;14.71;68865;1012730
MCC;7.62;7.68;7.56;7.66;162193;1240853
MCD;130.02;130.4;129.62;129.96;1746686;227128490
MCI;15.22;15.3041;15.19;15.2399;11345;172864
MCK;144.87;145.13;143.83;143.91;1026261;147986475
MCO;112.9;113.98;112.9;113.28;544893;61835892
MCR;8.6;8.66;8.6;8.64;105308;909672
MCS;31;31.3;30.65;30.8;44579;1378338
MCY;58.31;58.446;58.114;58.23;80302;4677135
MDC;29.53;29.76;29.42;29.56;226732;6703970
MDP;63.7;64.15;63.3;63.9;425817;27177844
MDR;6.66;6.71;6.595;6.62;1376566;9143220
MDT;80.25;80.65;80.14;80.37;2265491;182087114
MDU;27.49;27.775;27.3601;27.6;677790;18736689
MED;43.15;43.35;42.8;43.22;59396;2563939
MEN;11.68;11.7;11.65;11.68;40796;475959
MET;52.21;52.9125;51.97;52.61;5942537;312151562
MFA;8.14;8.14;8.06;8.08;1229112;9950158
MFCB;1.58;1.58;1.56;1.56;27702;43315
MFG;3.52;3.5486;3.5;3.51;434513;1528537
MFL;14.35;14.41;14.35;14.37;56279;809529
MFM;7.1;7.11;7.07;7.07;39858;282845
MFT;13.91;13.94;13.9;13.92;4461;62107
MFV;5.79;5.8412;5.79;5.84;15420;89874
MGA;39.82;40.23;39.61;39.955;1513022;60454866
MGF;4.94;4.97;4.94;4.97;49366;244613
MGM;28.27;28.5;28;28.11;5925425;166833389
MHF;7.34;7.4;7.33;7.4;58850;432638
MHK;228.26;229.005;227.5;228.35;255284;58328861
MHN;13.64;13.67;13.63;13.63;46004;627915
MHO;23.87;24.26;23.87;23.95;108163;2601704
MIN;4.34;4.35;4.31;4.345;172019;746371
MITT;18.21;18.35;18.12;18.18;118264;2156048
MIY;13.7;13.7009;13.67;13.68;41967;574634
MJN;89.37;89.4;89.26;89.33;1295821;115770147
MKC;100.28;100.28;99.56;99.59;737451;73632848
MKL;967.41;979.105;961.67;974.3;26442;25721331
MLI;33.15;33.75;32.94;33.55;163458;5478090
MLM;218.7;223.55;218.7;221.41;710758;157357598
MLR;24;24.1;23.6;23.65;18090;430661
MMC;73.11;73.71;73.04;73.42;1021901;75091865
MMI;23.96;24.4;23.87;24.37;72557;1758495
MMM;190.03;190.56;189.52;189.99;792958;150815933
MMP;77.37;77.67;76.95;77.2;397554;30724443
MMS;59.04;60.93;57.12;57.42;1038900;60154763
MMT;6.13;6.15;6.12;6.13;190644;1169820
MMU;13.81;13.87;13.76;13.77;70618;977048
MNI;9.91;10.17;9.37;9.67;36519;355924
MNK;44.5;45.48;43.99;45.02;1802021;80672365
MNP;15.35;15.52;15.3274;15.52;22383;345927
MO;71.48;72.2;71.48;71.71;3969200;285332321
MOD;10.8;10.95;10.6;10.75;486240;5234477
MON;115.87;116.27;115.8101;116.16;2245552;260726046
MOS;29.05;29.1349;28.81;28.85;2045758;59215170
MOV;23.15;23.45;22.95;23.1;93488;2161621
MPA;14.3;14.3;14.23;14.28;9204;131183
MPC;49.75;50.43;49.51;50.02;2438184;121828597
MPV;14.1288;14.23;14.1288;14.1951;7150;101320
MPW;13.46;13.78;13.423;13.63;5519638;75378640
MQT;12.83;12.86;12.75;12.86;56949;729372
MQY;15.03;15.07;15;15.04;55962;842202
MRK;63.28;63.3317;62.945;63.13;7035224;444128385
MRO;16.31;16.47;16.25;16.26;11461919;187316711
MS;41.62;42.25;41.42;41.95;8643933;361525814
MSA;68.8;69.5761;68.04;68.18;98159;6713045
MSB;15;15.25;14.85;15.15;13077;197081
MSCI;97.35;98.39;96.935;97.93;424322;41525147
MSD;9.41;9.4805;9.39;9.44;187195;1767314
MSF;14.89;14.97;14.85;14.95;23806;355343
MSI;84.17;84.58;83.69;84.25;770748;64794261
MSM;96.05;97.03;95.12;95.53;1131782;108386253
MT;8.08;8.37;8.074;8.17;20181057;165662725
MTB;152.38;153.9;151.7237;153.02;351273;53702885
MTD;480.69;484.47;480.209;482.89;100682;48625987
MTDR;24.08;24.219;23.65;23.69;1028699;24571481
MTG;10;10.135;9.95;10.06;1415515;14231109
MTH;36.95;37.3;36.875;37.1;246075;9119348
MTL;5.7;5.8;5.66;5.67;73448;419603
MTN;191.02;192.16;189.82;189.84;184745;35196092
MTOR;16.6;16.9;16.57;16.82;731821;12294761
MTR;13.2;13.9;13.2;13.9;7415;101569
MTU;6.07;6.08;6.0201;6.04;1128685;6818364
MTW;5.8;5.95;5.76;5.92;1187167;7007495
MTX;75.55;76.6;75.55;76.55;136145;10400952
MTZ;40;40.475;39.351;40.3;404731;16278194
MUA;14.41;14.41;14.35;14.41;24224;348166
MUC;14.16;14.19;14.14;14.17;91078;1289985
MUE;13.23;13.31;13.23;13.28;47348;628247
MUH;15.69;15.72;15.64;15.72;13336;209287
MUJ;14.33;14.34;14.27;14.29;37427;535023
MUR;28.15;28.28;27.795;27.85;1565649;43862536
MUS;13.37;13.42;13.37;13.39;51963;696162
MUX;3.26;3.2861;3.12;3.19;2742064;8802774
MVT;15.3;15.36;15.24;15.31;70511;1079216
MWA;11.7;11.84;11.66;11.66;1040543;12207736
MX;8.9;9.15;8.9;9.05;223867;2024533
MXE;11.09;11.62;11.09;11.44;55522;633592
MXF;16.59;16.81;16.56;16.75;52898;881601
MXL;28.02;28.3;27.73;27.99;671923;18823750
MYC;14.82;14.88;14.81;14.84;49790;739404
MYD;14.7;14.74;14.65;14.67;100894;1483867
MYE;16.45;16.55;16.1;16.45;54695;896609
MYF;15.33;15.62;15.33;15.47;45481;701944
MYI;13.98;14.05;13.973;14.03;96816;1358199
MYJ;15.4;15.43;15.39;15.41;29072;447798
MYN;13.02;13.05;12.96;13.04;45711;594733
NAC;14.45;14.5;14.43;14.5;186747;2701041
NAD;13.76;13.76;13.7;13.73;246597;3384706
NADL;0.7499;0.76;0.6638;0.69;124831;87409
NAN;13.65;13.67;13.63;13.65;33779;461225
NAO;0.95;1;0.95;0.95;408354;392521
NAP;11.28;11.46;11.165;11.39;18490;209776
NAT;8.05;8.16;8.05;8.05;662026;5349143
NAV;24.77;25.41;24.705;25.07;388583;9761302
NAZ;13.85;13.89;13.83;13.85;24813;343941
NBL;34.69;34.93;34.505;34.58;2486506;86291951
NBR;13.79;13.975;13.63;13.67;4455622;61465973
NC;73.25;75.8;72.5;75.5;12645;940782
NCA;10.08;10.14;10.062;10.1;41926;423295
NCI;22.3;22.5;22.23;22.38;148811;3331929
NCR;43.98;44.59;43.87;44.45;840910;37246561
NCS;16.4;16.7;16.3;16.6;280776;4652125
NCZ;6.12;6.16;6.1;6.12;239021;1465719
NE;6.22;6.255;6.035;6.07;4936820;30255654
NEE;130.03;130.35;128.77;128.93;818093;105891813
NEM;34.97;34.97;34.08;34.31;4720310;162674471
NEP;32.94;33.55;32.83;33.33;151664;5050444
NEU;446.2;454.48;445;451.75;16327;7349641
NEV;14.1;14.15;14.1;14.15;66807;943992
NEWM;13.64;13.74;13.59;13.66;363140;4960137
NFG;60.82;61.2;60.4201;60.69;255531;15537802
NFX;36.91;37.02;36.31;36.35;2058822;75478125
NGG;63.78;64.2;63.57;63.61;373373;23835024
NHF;22.86;23.19;22.77;23.04;66382;1524327
NHI;73.55;74.29;73.54;73.61;141880;10458407
NI;23.89;23.95;23.67;23.68;2521762;59903093
NIM;9.98;10.08;9.97;9.99;35545;356440
NJR;40.7;41.1;40.55;40.6;292825;11933111
NKE;55.1;55.24;54.77;55.11;5320816;292791878
NL;6.35;6.75;6.25;6.75;35858;236442
NLS;17.2;17.25;16.75;16.8;546441;9238095
NLY;11.33;11.33;11.25;11.31;6561952;74126074
NLY-A;25.63;25.7;25.43;25.46;20252;517295
NM;1.87;1.99;1.87;1.94;1570178;3034964
NMBL;12.49;12.5;12.48;12.49;1271537;15882306
NMI;13.3;13.3;12.98;12.98;25732;339016
NMM;2.08;2.18;2.05;2.15;1324759;2840495
NMR;6.03;6.03;5.96;5.99;168283;1007223
NMT;13.74;13.75;13.7001;13.71;5291;72583
NMY;12.69;12.74;12.67;12.73;18943;240870
NNA;1.67;1.68;1.64;1.65;664929;1102621
NNC;13.03;13.09;13.03;13.09;14298;186805
NNI;43.52;44.35;43.33;44.26;51999;2293256
NNN;44.15;44.5026;44.09;44.14;568952;25189039
NNY;9.76;9.78;9.75;9.76;5114;49957
NOA;5.15;5.4;5.1;5.25;142278;750441
NOC;239.72;240.12;237.39;238.81;549725;131328170
NOK;5.26;5.31;5.25;5.28;5431012;28675584
NOV;39.4;39.44;38.87;38.89;1713476;67014675
NPK;101.55;102.35;100.5;100.6;32455;3287573
NPO;68.3;68.92;67.75;67.98;85808;5841118
NPV;13.06;13.1;13.06;13.06;5525;72237
NQ;3.77;3.98;3.75;3.97;631870;2465552
NQP;13.16;13.23;13.16;13.2;13987;184766
NR;8.1;8.15;7.9;8.05;524355;4202829
NRE;11.3;11.5;11.3;11.36;232580;2654507
NRG;18.92;18.97;18.465;18.5;2965573;55244516
NRP;36.35;37.05;35.85;37;11519;418273
NRT;7.47;7.6099;7.3571;7.4188;5836;43787
NRZ;17.1;17.18;16.97;16.98;1747470;29838665
NS;51.88;51.9;51.182;51.21;68402;3514569
NSC;115.97;116.94;115.32;115.9;1873583;217613872
NSH;27.75;27.8;26.8;27.1;40585;1105986
NSL;6.83;6.85;6.81;6.85;78875;538973
NSM;15.74;15.89;15.6;15.85;351551;5555434
NSR;33.2;33.25;33.2;33.2;477598;15874679
NSS;26.06;26.18;26.05;26.17;20766;541828
NTC;12.35;12.3917;12.3;12.3;40927;504663
NTG;20.74;20.92;20.51;20.53;81742;1687881
NTL;26.11;26.11;25.54;26;500;12976
NTP;7;7.3;7;7.1;65272;463607
NTX;14.28;14.36;14.28;14.3124;5186;74250
NTZ;2.75;2.95;2.65;2.65;12629;35079
NUE;59.6;61.18;59.56;60.77;1435518;87106095
NUM;13.35;13.42;13.35;13.36;18723;250563
NUO;14.89;14.945;14.86;14.86;17698;263743
NUS;53.95;54.16;53.6;53.85;716753;38647601
NUV;9.8;9.83;9.78;9.79;294431;2887918
NVO;35.29;35.52;35.1;35.4;1383649;48891359
NVS;73.66;74.03;73.59;73.72;1077791;79527066
NWL;46.12;46.39;46;46.22;2379904;110028934
NWN;60.1;60.25;59.4;59.5;66134;3942011
NX;19.25;19.45;19.15;19.35;90416;1747198
NXC;14.85;14.88;14.83;14.88;13826;205298
NXN;13.79;13.86;13.78;13.78;2877;39687
NXP;14.09;14.16;14.0799;14.16;50178;707836
NXQ;13.5;13.59;13.5;13.58;27932;378326
NXR;14.26;14.32;14.21;14.32;23645;337469
NYCB;13.56;13.68;13.54;13.63;3676091;50077483
NYLD;17.5;17.7;17.3;17.35;512901;8953366
NYT;14.45;14.5;14.3;14.45;515133;7416302
O;60.21;60.74;60.21;60.28;1000113;60511894
OA;96.8;99.001;96.515;98.59;336613;33051978
OAK;46.1;46.5;46;46.25;142393;6581617
OAS;14.21;14.23;13.86;13.98;6262426;87898276
OC;60.74;60.78;60.12;60.34;819130;49461209
OCN;5.26;5.38;5.21;5.35;1454636;7723760
ODC;36.57;37.98;36.38;37.29;12946;481180
OFC;33.45;34.13;33.41;34;749785;25461372
OFG;11.25;11.3;11.1;11.2;167427;1878718
OGE;35.05;35.18;34.8;34.8;537679;18801131
OHI;33.45;34;33.4289;33.75;1246069;42135212
OI;20.28;20.42;20.195;20.24;935049;18985421
OIA;7.68;7.71;7.6202;7.66;46553;357491
OII;27.19;27.415;26.93;27.3;1445976;39412617
OIS;32.7;32.9;31.95;32.2;423792;13673592
OKE;56.28;56.91;55.99;56.19;1909644;107683033
OLN;31.78;31.96;31.44;31.8;2392674;76007719
OMC;85.46;85.96;85.27;85.72;1560728;133687915
OME;19.1;19.35;18.975;19.2;157703;3029916
OMI;34.11;34.23;33.845;34.19;364774;12440970
OMN;9.35;9.45;9.25;9.4;103437;965656
ONDK;4.59;4.62;4.39;4.42;497102;2222168
OR;11.43;11.43;11.03;11.18;453028;5066858
ORA;58.43;58.43;57.42;57.44;154118;8900066
ORAN;15.14;15.2;15.11;15.13;275610;4174905
ORC;10.05;10.125;10.01;10.05;403056;4063063
ORCL;44.09;44.385;43.99;44.29;9459332;418612037
ORI;19.96;19.99;19.8;19.91;1076151;21399346
ORN;7.55;7.65;7.51;7.58;70293;532254
OSB;30.07;30.5;30.07;30.11;18474;559179
OSG;3.58;3.59;3.47;3.5;1791244;6309059
OSK;68.71;70.3;68.63;69.36;421614;29315673
OXM;54.04;54.78;53.69;54.68;182282;9905027
OXY;63.4;63.55;62.92;62.99;3444162;217658014
P;11.86;11.95;11.301;11.44;10119707;116315613
PAA;31.41;31.42;30.91;31.04;2070656;64319095
PAC;100.18;101.18;100.14;100.9;49269;4969513
PACD;1.89;1.89;1.75;1.82;69950;126598
PAG;44.3;44.61;43.3621;44.22;328823;14521203
PAH;12.91;13.42;12.9;13.31;2622326;34798683
PAI;14.5;14.599;14.44;14.46;19593;284269
PANW;111.58;113.22;111.09;112.2;2126756;239064932
PAY;17.86;18;17.78;17.895;915897;16383055
PBI;13.01;13.015;12.845;12.99;1379952;17890359
PBR;9.8;9.9175;9.71;9.76;24105119;236220211
PBRA;9.38;9.49;9.25;9.31;4680900;43863484
PBT;9.8;10.2335;9.77;10.1;190084;1903303
PCF;8.63;8.72;8.62;8.72;42097;365942
PCG;67.48;67.59;66.92;67.01;1404491;94254411
PCK;9.91;9.95;9.9;9.9;37528;372141
PCQ;16.56;16.57;16.51;16.57;17310;286362
PDS;4.87;4.91;4.75;4.75;2774510;13326464
PDT;15.88;16.02;15.86;15.95;89689;1429527
PEG;44.97;45.19;44.665;44.72;3500230;157165231
PEI;14.59;14.6;14.4;14.5;1020830;14786103
PEO;19.54;19.76;19.5301;19.66;106131;2085811
PEP;111.7;111.96;111.4409;111.62;2139972;239074446
PER;3.1;3.1;3.05;3.1;204748;631717
PFD;15.15;15.1914;15.04;15.1058;24595;372241
PFE;34.09;34.25;34.04;34.1;13347050;455696909
PFG;62.2;62.91;62.06;62.57;657332;41113558
PFL;11.32;11.32;11.01;11.3;70272;791722
PFO;11.79;12;11.79;11.99;17054;202566
PFS;25.11;25.29;24.95;25.21;89625;2257120
PG;89.46;89.61;89.18;89.23;4256547;380527717
PGH;1.05;1.09;1.04;1.06;1054517;1126809
PGP;17.76;17.8;17.71;17.79;29768;528663
PGR;39.1;39.45;39.06;39.295;2911535;114381435
PH;160.28;161.62;160.19;161.02;731088;117751612
PHG;31.81;31.89;31.77;31.81;1256686;40000342
PHH;12.7;12.82;12.61;12.68;278725;3540601
PHI;34.11;34.84;34.11;34.62;66467;2305655
PHK;8.72;8.75;8.7;8.73;352086;3074070
PHM;23.3;23.46;23.24;23.28;6383783;148915660
PII;79.94;80.19;78.6;79.8;1696341;135108072
PIM;4.72;4.75;4.71;4.71;42924;202970
PIR;6.98;7.19;6.94;7.14;2675805;18962034
PIY;25.0934;25.2497;25.0934;25.24;2079;52331
PJH;26.01;26.01;25.91;25.91;10357;268714
PJT;33.53;33.95;33.335;33.61;64227;2163610
PKD;1.85;1.85;1.75;1.8;365507;652250
PKE;16.86;17;16.7301;16.89;38152;643835
PKG;91.45;91.969;90.76;91.04;431100;39335236
PKI;57.72;58.03;57.61;57.85;395545;22901918
PKO;25.26;25.393;25.26;25.37;62421;1581592
PKX;59.53;60.22;59.3;59.43;201629;12030526
PKY;19.83;20.03;19.75;20.02;278423;5556966
PLD;52.98;54.03;52.98;53.58;2891190;155262949
PLT;52.93;53.23;52.7;52.77;67315;3557425
PM;112.86;114.0194;112.83;113.6;4639373;527447056
PMF;13.29;13.3243;13.23;13.29;78695;1045259
PML;12.78;12.82;12.76;12.82;111805;1430021
PMM;7.35;7.36;7.32;7.36;52549;385679
PMO;12.1;12.18;12.1;12.18;88174;1069507
PMT;17.9;17.94;17.8128;17.88;404218;7229588
PMX;11.41;11.4399;11.38;11.43;74509;850047
PNC;118.52;119.84;118;119.17;1546769;184026039
PNF;12.7;12.79;12.7;12.76;1776;22640
PNI;11.63;11.65;11.5904;11.65;9557;111100
PNM;37.8;38;37.45;37.6;544204;20485254
PNR;62.64;63.21;62.575;62.79;572469;35995212
PNW;84.66;85.005;84.1;84.28;659272;55687919
POL;33.48;33.7;33.33;33.57;162407;5449635
POT;16.8;16.93;16.74;16.83;3680419;62007108
PPG;105.15;106.2;105.15;106.05;765048;81038450
PPL;37.48;37.605;37.25;37.27;2152388;80499381
PPP;0.5599;0.57;0.542;0.5519;1108272;611661
PPR;5.36;5.38;5.35;5.38;445142;2388643
PPT;5.26;5.3;5.25;5.26;322437;1701581
PPX;26.48;26.6;26.1601;26.23;13069;344194
PQ;2.74;2.75;2.68;2.72;73316;198740
PRA;59.85;60.15;59.25;59.9;147523;8821151
PRGO;67.27;69.13;66.9;68.76;1421369;97173754
PRI;81.7;83;81.15;82.65;158515;13069838
PRLB;50.4;50.84;49.8;50.45;164832;8284269
PRU;105.3;106.49;104.71;105.86;1646946;174439661
PSA;223.06;224.17;222.61;223.6;343973;76850973
PSB;118.29;119.85;116.18;119.31;71567;8537063
PSO;7.89;7.9;7.84;7.84;399172;3138331
PSX;76.96;77.66;76.53;77.15;1964191;151450034
PSXP;53.35;54.24;52.63;53.35;204568;10981831
PTR;73.49;74.42;73.49;73.9;149139;11051124
PTY;15.79;15.79;15.75;15.79;296136;4670667
PUK;41.48;41.721;41.45;41.57;218598;9091071
PVG;11.24;11.36;10.74;10.84;1343499;14794531
PVH;101.92;102.87;101.7;101.9;971637;99305158
PWE;1.7;1.715;1.65;1.65;994836;1678710
PWR;35.46;35.96;35.375;35.8;1048739;37499196
PX;119.15;119.5;118.46;118.85;890194;105952723
PXD;190.52;192.03;189.32;189.83;876453;167152252
PYN;9.66;9.76;9.66;9.72;10127;98533
PZC;12.04;12.1;12;12.02;48738;586082
PZE;11.61;11.61;11.36;11.47;17776;203673
Q;79.2;79.6185;78.75;79.19;625612;49509265
QCP;19.5;19.5;19.22;19.31;390408;7571169
QSR;56;56.27;55.82;56.05;385508;21617372
QTM;0.83;0.85;0.8;0.8071;1402083;1144220
QTWO;36;36.6;35.975;36.3;244319;8873262
R;75.9;76.04;75.2;75.43;339543;25658704
RA;23.1;23.1278;23;23.06;84229;1943270
RACE;72.11;72.26;71.89;71.89;320171;23064915
RAD;4.61;4.67;4.5;4.6;13253529;60838093
RAI;63.44;63.67;63.44;63.55;2923654;185815979
RAS;3.14;3.22;3.12;3.18;348662;1106984
RBA;32.63;32.86;31.91;31.98;595862;19171627
RBS;5.9;5.94;5.89;5.92;619789;3666079
RCI;44.22;44.56;44.2;44.52;166249;7391949
RCL;98.69;98.76;96.53;97.39;1539018;149809662
RCS;9.64;9.73;9.64;9.69;208461;2023035
RDC;15.56;15.6;15.01;15.06;2440495;37154123
RDN;17.81;17.99;17.72;17.92;771535;13812714
RDS-A;53.15;53.53;53.0957;53.27;2724795;145313599
RDS-B;56.19;56.65;56.1334;56.43;1413567;79798479
RDY;41;41.22;40.86;41.08;155322;6372080
RE;232.91;234.61;232.61;232.62;166436;38828662
REG;66.03;66.46;65.925;66.07;860009;56896560
REN;45.2;45.635;43.61;44.18;314962;13970385
RENN;7.66;7.735;7.6507;7.68;75909;584690
RES;19.42;19.7;19.24;19.24;3719592;72327449
REV;26.4;26.905;26.1;26.45;163700;4343232
RF;14.39;14.54;14.285;14.44;12705962;183145290
RFI;12.46;12.56;12.46;12.53;107406;1344604
RGA;125.09;126.41;124.77;125.57;372496;46808417
RGR;56.6;57;55.9;56;112782;6354841
RHI;45.58;45.76;45.21;45.24;786483;35717310
RHT;84.96;85.37;84.59;84.905;873994;74214809
RIG;12.64;12.71;12.4;12.43;6020147;75393003
RIO;40.08;41.13;40;40.61;2954779;119989406
RJF;75.07;76.24;74.63;75.81;474495;35881054
RL;80.46;80.5;79.13;79.28;1282201;102175827
RLI;57.66;57.695;56.9501;57.35;132075;7568907
RMD;68.85;69.29;68.85;69.03;471007;32544863
RMP;25.4;25.48;25.01;25.18;167491;4224114
RNR;141.05;141.69;140.52;140.64;387414;54592564
ROG;81.6;82.88;81.6;82.26;78085;6425252
ROK;155.39;156.27;154.92;155.28;609521;94761871
ROL;36.24;36.62;36.13;36.44;304017;11084831
ROP;208.02;208.84;206.965;208.21;332548;69249922
RPM;51.51;52.41;51.36;52.28;1694859;87992284
RPT;13.96;14.01;13.78;13.81;1247371;17267539
RQI;12.63;12.84;12.59;12.8;333685;4255959
RRC;29.87;30;29.44;29.46;2901203;85906014
RRD;11.73;11.86;11.43;11.78;1534632;17969512
RS;78.31;80.13;78.005;79.54;460514;36582904
RSG;62.75;63.06;62.6625;62.82;982128;61705030
RSO;9.4;9.48;9.28;9.31;314200;2944345
RSPP;40.59;40.83;40.1;40.6;676383;27426966
RST;10.69;11.36;10.624;11.24;317827;3513332
RT;2.49;2.71;2.33;2.64;1752229;4398280
RTEC;21.55;21.85;21.4;21.45;182000;3923516
RTN;154.62;155.2;151.71;152.96;3035333;463865664
RVT;13.94;14.04;13.92;14.04;184060;2573941
RWT;16.63;16.69;16.52;16.58;235557;3910739
RY;73.05;73.18;72.4;72.59;726397;52742422
RYAM;12.91;13.09;12.67;12.94;404480;5228626
RYN;28.57;28.805;28.46;28.65;432583;12403534
S;8.34;8.52;8.33;8.37;8074754;67903267
SA;11.45;11.6;11.1;11.2;836513;9470504
SAH;19.15;19.2;18.85;18.95;129273;2460390
SAM;140.95;140.95;137.65;139.9;139568;19458579
SAN;6.06;6.09;6.041;6.06;3374150;20473305
SAP;97.05;97.65;97.0101;97.52;350580;34148050
SAR;21.4;21.4;21.2194;21.27;15481;330214
SB;2.5;2.55;2.31;2.51;1262090;3089473
SBGL;9.95;10;9.5651;9.65;1690788;16517712
SBH;19.78;19.95;19.71;19.89;1139455;22653207
SBR;36.65;37.3;36.55;36.65;26976;995250
SBS;10.62;10.88;10.56;10.67;1677609;17988807
SBY;21.45;21.47;21.43;21.43;187760;4025431
SCCO;36.13;36.58;35.87;36.23;854642;30961802
SCG;66.35;66.52;65.32;65.405;1212318;79795028
SCHW;39.66;40.24;39.38;39.9;8693666;345760775
SCI;30.45;30.65;30.39;30.53;624791;19083622
SCL;77.41;78.49;76.57;78.39;51404;4012539
SCM;13.98;14.039;13.78;13.84;145825;2020326
SCS;16.35;16.4;16.075;16.2;444531;7204112
SCX;10.2;10.4;10.2;10.35;8503;87611
SDLP;2.92;3.05;2.9;2.98;621193;1848166
SDR;1.46;1.46;1.4348;1.44;48076;69494
SDRL;0.75;0.75;0.6701;0.6974;7743469;5415685
SDT;1.42;1.42;1.4;1.42;11040;15524
SEE;42.95;43.26;42.75;42.9;1832383;78724340
SEP;44;44.18;43.65;43.81;309766;13619993
SF;47.8;48.7;47.8;48.24;234537;11332247
SFE;12.25;12.4;12.1;12.2;27880;340956
SFL;13.8;13.85;13.6;13.7;849199;11629656
SGF;10.775;10.79;10.76;10.76;20421;219877
SGU;9.2;9.26;9.11;9.15;70057;642296
SGY;21.82;22.1;21.3;21.52;124068;2677827
SHAK;32.95;32.98;32.4672;32.55;230793;7555631
SHI;57.02;57.24;56.72;57.21;8965;512072
SHOP;68.58;68.9824;68.28;68.71;404254;27766336
SHW;310.86;313.38;310.49;313.07;346574;108327510
SID;2.69;2.85;2.67;2.76;2878365;7958051
SJI;37.4;37.7;37.24;37.44;443528;16609492
SJM;129.68;130.05;129.29;129.4;509224;66035437
SJR;20.57;20.765;20.48;20.72;400044;8272098
SJT;7.52;7.6;7.4587;7.54;56283;424389
SJW;47.98;48.3677;47.65;48.08;55632;2675142
SKM;24.92;24.98;24.87;24.89;345854;8618448
SKT;32.6;32.75;32.27;32.43;1057954;34319363
SKX;25.43;25.47;24.64;24.85;5026402;124954460
SLB;78.73;78.87;78.15;78.33;3543198;277825828
SLCA;48.05;49.37;47.4;48.55;1653918;80451740
SLF;35.7;35.8;35.38;35.67;313132;11145663
SLG;108.63;109.35;107.49;107.61;581663;62931526
SLW;21.61;21.61;20.69;20.94;4458811;94221453
SM;23.38;23.56;22.86;23.02;1825818;42323184
SMFG;7.05;7.08;7.03;7.05;401369;2830683
SMG;93.51;94.36;93.16;93.34;186104;17408635
SMP;47.92;48.11;47.45;47.59;50557;2408732
SN;9.57;9.66;9.33;9.44;2132607;20245403
SNA;164.2;165.755;164.09;164.38;398637;65630284
SNAP;20.68;21.08;20.6;20.82;10192155;212439604
SNE;32.09;32.14;31.98;32.08;490969;15744972
SNN;31.05;31.1799;30.98;31.1;249975;7771141
SNP;84.33;84.884;84.33;84.5;68021;5756369
SNR;10.24;10.37;10.21;10.22;472526;4853515
SNV;40.32;40.89;40.26;40.65;418046;16975187
SNX;103.06;104.79;102.99;104.48;211022;21987932
SNY;44.92;45.0899;44.79;44.81;1052764;47259685
SO;50.21;50.275;49.66;49.69;5651952;281842467
SOL;2.54;2.64;2.5154;2.62;17431;45196
SON;52.01;52.29;51.82;51.83;432909;22491022
SOR;37.38;37.54;37.24;37.54;37717;1412820
SPA;21.21;21.33;20.83;20.92;23044;483427
SPG;169.62;170.91;168.95;169.81;1296858;220565067
SPH;26.79;26.8099;25.98;26.11;247526;6492019
SPN;14.63;14.88;14.485;14.53;3349158;49109101
SQ;17;17;16.69;16.69;3827078;64337036
SQM;36.33;36.65;35.985;36.31;708833;25761228
SQNS;2.76;2.78;2.73;2.74;50941;139887
SR;68.1;68.75;67.6;68.6;237714;16255429
SRC;10.4;10.47;10.31;10.31;2524625;26231341
SRE;109.98;110.92;109.61;109.68;994366;109472625
SRG;42.19;42.51;42.03;42.08;296564;12523904
SRI;17.35;17.6;17.33;17.45;128508;2243779
SRT;8.55;8.62;8.49;8.5;64620;550006
SRV;14.41;14.41;14.32;14.38;12516;180030
SSD;41.32;41.48;41.12;41.24;114634;4728679
SSI;2.58;2.6;2.43;2.51;921032;2302958
SSL;29.38;29.56;29.19;29.21;827769;24290433
SSP;23.32;23.66;23.26;23.48;241639;5677868
SSW;6.65;6.67;6.43;6.46;886258;5759973
STAG;25.53;25.96;25.5;25.74;464484;11983358
STC;42.76;43.39;42.12;42.95;81758;3515145
STE;69.82;70.19;69.78;69.9;256751;17962336
STI;55.05;55.7;54.92;55.35;2016118;111544953
STK;20.95;21.2;20.9048;21.2;70349;1483610
STL;22.9;23.2;22.8;23.05;985372;22674188
STM;15.44;15.64;15.41;15.56;3100108;48195786
STN;26.4;26.55;26.25;26.4;7635;201654
STNG;4.24;4.33;4.2;4.31;2162514;9230730
STO;17.26;17.31;17.18;17.2;949827;16390162
STON;7.93;8.0911;7.93;8.05;220731;1776583
STT;78.33;79.38;78.02;78.78;780039;61477132
STV;1.28;1.3;1.27;1.27;253036;323790
STZ;172;174.9;170.29;170.37;2145837;369841690
SU;31.12;31.26;30.9;30.98;1373565;42622015
SUI;81.8;82.36;81.6751;82.22;251453;20648795
SUN;28.93;29.95;28.77;29.4;4201801;124341193
SUP;22.9;23.1;22.75;22.9;290084;6638396
SVU;3.75;3.8;3.7;3.72;3086440;11531519
SWC;17.34;17.41;17.15;17.27;2512156;43425594
SWK;132.33;133;132;132.27;520503;68909179
SWM;40.92;41.61;40.78;41.58;85528;3537155
SWN;8.49;8.55;8.3;8.4;10367477;87316283
SWX;84.42;85.23;84.3401;84.39;173402;14671855
SWZ;11.54;11.56;11.518;11.55;42335;488822
SXC;9.03;9.28;8.9105;9.17;551628;5042009
SXCP;15.75;15.8;15.4;15.7;230940;3604495
SXE;4.22;4.335;4;4.23;242200;1017542
SXI;93.55;94.55;93.35;93.85;39060;3666203
SXL;24.58;24.64;24.33;24.38;1914848;46844127
SXT;79.03;79.67;78.99;79.4;68634;5452821
SYF;32.96;33.42;32.87;33.16;3445922;114148739
SYK;130.89;131.33;130.53;130.84;730063;95680131
SYT;89.57;89.82;89.46;89.6;1064016;95331023
SYX;11.99;12.58;11.9167;12.09;77537;948101
SYY;51.66;51.88;51.55;51.79;1859533;96238057
T;40.6;40.86;40.521;40.59;17826823;725137324
TAHO;8.56;8.7;8.32;8.35;2567766;21718024
TAL;107.67;107.67;105.73;106.26;230420;24550778
TAP;95.86;96.23;95.18;95.39;801273;76568888
TBI;26.25;26.4;25.55;25.55;203273;5236531
TCAP;18.58;18.74;18.49;18.59;162742;3027349
TCB;16.45;16.7;16.39;16.58;1850044;30641933
TCI;19.4;19.78;19.1;19.78;3199;61849
TCO;64.73;65.19;64.71;65.01;139195;9044317
TCP;60.03;60.36;59.35;59.99;133054;7974417
TCS;4.15;4.19;4.07;4.07;137418;564515
TD;49.55;49.675;49.305;49.38;1351390;66833716
TDF;19.09;19.141;19.05;19.06;44759;854337
TDG;228;229.39;224.29;228.71;912698;207759410
TDI;25.98;26.06;25.97;26.0017;1332;34663
TDW;0.97;0.99;0.8509;0.87;970953;850677
TDY;125.35;127.095;125.2;126.62;50007;6326563
TECK;23.52;24.04;23.43;23.52;4145614;98317669
TEF;11.05;11.08;11.01;11.04;716873;7920571
TEI;11.23;11.3;11.22;11.25;165316;1861230
TEL;72.95;73.22;72.64;72.99;1121052;81816107
TEN;58.68;59.02;58.12;58.7;448483;26291738
TEO;22.83;23.27;22.65;22.8;74739;1715603
TER;31.74;32.13;31.68;32.02;1931004;61764179
TEVA;32.27;32.94;31.97;32.31;5236790;169204092
TEX;32.4;32.91;32.235;32.54;988656;32232947
TFX;192.76;194.74;192;193.92;138378;26804909
TG;16.95;17.45;16.95;17.35;71127;1223417
TGH;14.95;16.55;14.8;16.4;623775;9976910
TGI;25;25.5;24.85;25.2;600082;15126423
TGP;17.8;18.1;17.4;17.55;289103;5082986
TGS;15;15.31;14.9;14.94;135275;2029730
TGT;53.47;53.79;52.97;53.245;4471797;238064697
THC;17.47;17.47;17.025;17.16;1762994;30335345
THO;91.52;92.63;91.03;91.79;602606;55369511
TI;8.58;8.606;8.52;8.57;35691;306158
TIF;93.6;94.28;93.26;93.47;866427;81100175
TIME;18.8;18.95;18.6;18.6;811991;15244588
TJX;76.62;76.79;76.08;76.09;3125399;238319279
TK;9.33;9.45;9.25;9.34;558850;5221476
TKC;8.02;8.1;8.02;8.04;226260;1819830
TKF;8.24;8.24;8.14;8.18;25244;206831
TKR;43.7;44;43.25;43.4;608069;26478999
TLI;11.22;11.3354;11.2;11.3;27343;307493
TLK;30.89;31.14;30.84;31.04;168561;5234318
TLRD;13.55;13.78;13.28;13.37;1684192;22702631
TM;105.76;106.095;105.62;105.91;196770;20827745
TMK;75.84;76.51;75.495;76.16;292410;22271766
TMO;153.07;153.71;152.565;153.11;1103198;169239496
TNC;71.15;71.65;70.3;71.45;37857;2700316
TNH;95.85;96.95;95.35;96.74;6044;582413
TNK;2.07;2.07;2;2.01;648239;1315533
TNP;4.74;4.87;4.72;4.8;255061;1220852
TOL;35.28;35.66;35.2;35.34;999995;35451249
TOO;5.35;5.54;5.31;5.5;633181;3461121
TOT;51.58;52.17;51.57;51.88;1691311;87865409
TPC;31;32.7;31;32.25;410101;13213058
TPL;281.475;283.11;280.135;280.84;7455;2099565
TPRE;11.9;11.9;11.7;11.75;394909;4653800
TPX;44.81;45.06;43.94;43.97;608149;26952557
TR;37.05;37.55;36.85;37.4;34503;1288260
TRC;21.94;22.2;21.58;21.65;14679;320573
TREX;66.8;67.4;66.33;67;86065;5753285
TRI;42.97;43.08;42.76;43.04;629875;27065393
TRK;19.32;19.45;19.1;19.38;21319;412097
TRMR;2.07;2.12;2.02;2.02;41487;85944
TRN;26.88;27.445;26.735;27.17;1177994;32054129
TRP;46.76;47.305;46.76;46.95;797099;37534449
TRQ;3.09;3.11;3.03;3.04;4416055;13507887
TRR;17.45;17.5;17.45;17.5;317403;5541308
TRU;38.32;38.55;38.07;38.23;360510;13800268
TRV;120;120.78;119.8;120.15;790998;95189260
TS;34.22;34.4;33.95;34.03;1219621;41673159
TSM;32.86;33.04;32.77;32.87;3143773;103544111
TSN;62.6;62.71;62.07;62.16;1989325;123786444
TSO;79.11;80.98;78.91;80.17;2085562;166740400
TSS;52.79;53.32;52.64;52.68;742140;39181635
TSU;16.18;16.28;15.87;15.93;551529;8851379
TTC;62.08;62.69;62.07;62.21;374698;23343639
TTF;8.54;8.57;8.54;8.57;26330;225383
TTI;4.05;4.05;3.9;3.91;1350760;5344041
TTM;36.07;36.2863;36.04;36.09;990151;35796907
TU;33.04;33.13;32.92;33.02;234248;7739998
TUP;62.26;62.76;62.15;62.21;335903;20927773
TV;25.74;26.16;25.62;26.01;965514;25097142
TWI;10.1;10.12;9.8;9.85;365523;3617077
TWLO;28.5;28.55;27.71;28.17;4901883;137891144
TWN;18.59;18.64;18.59;18.625;1700;31658
TWO;9.66;9.68;9.62;9.63;1693110;16332747
TWTR;14.36;14.43;14.25;14.29;7963711;113962503
TWX;98.19;98.76;98.03;98.46;1762952;173655671
TXT;47.54;48;47.1928;47.67;803429;38254987
TY;23.13;23.2;23.1;23.17;40511;938309
TYL;154.23;155.905;153.4192;153.81;107388;16548894
UA;18.9;18.94;18.33;18.43;3886354;71901441
UAA;20.11;20.24;19.77;19.86;4074247;81149765
UAL;69.97;71.02;69.72;70.88;2201187;155213767
UAM;9.98;9.985;9.97;9.97;200909;2004825
UAN;4.62;4.84;4.53;4.75;438835;2073447
UBS;15.5;15.65;15.5;15.55;1404764;21855450
UFI;27.33;27.39;27.01;27.26;33408;908144
UGI;49.89;50.12;49.7;49.76;565029;28153885
UGP;22.81;22.99;22.62;22.68;333680;7596687
UHS;123.82;123.84;122.63;123.26;214917;26498291
UHT;65.92;66.99;65.89;66.89;38490;2569248
UIS;13.15;13.375;13;13.1268;1068123;14079858
UL;49.75;50.29;49.74;50.13;1333237;66771936
UMC;1.95;1.95;1.93;1.94;553791;1073378
UN;50.14;50.8;50.11;50.66;2533723;128126671
UNF;136.75;138.5;134.75;135.2;46531;6309812
UNH;164.96;166.5;164.62;166.02;2543457;421673393
UNM;46.07;46.63;45.89;46.36;600766;27815541
UNP;107.33;107.78;106.57;107.02;1569216;168185961
UNT;23.96;24.21;23.7201;23.88;578043;13864692
UPS;106.31;106.6;104.91;104.99;2696925;284066565
URI;123.59;125.43;123.0801;123.41;997852;123503902
USA;5.45;5.51;5.4418;5.5;698402;3836030
USB;51.08;51.36;50.87;51.15;6114681;312505322
USG;30.68;31.08;30.63;30.99;716213;22172633
USNA;56.65;56.8;56.05;56.55;54153;3054902
UTF;21.88;21.99;21.79;21.93;169972;3721056
UTX;112.63;113.205;112.23;112.97;1416051;159854060
UVV;69.95;70.6;69.65;70.05;125251;8785245
V;88.97;89.24;88.52;88.74;4687836;416425653
VAC;98.87;99.13;97.56;98.65;176502;17369920
VAL;111.06;111.22;111.01;111.22;488875;54316855
VALE;9;9.465;8.95;9.23;30799785;283761684
VAR;91.03;91.31;90.62;90.78;782228;71147403
VBF;18.82;18.87;18.78;18.86;24513;461688
VCO;34.3;34.42;33.36;34.3879;6711;229387
VCV;12.33;12.37;12.32;12.37;64349;794874
VEDL;16.85;16.95;16.76;16.87;306368;5165907
VEEV;51.09;51.79;50.9;51.59;1068144;55041176
VER;8.66;8.79;8.63;8.69;4581765;39964453
VFC;54.13;54.44;53.96;54.2;2320060;125790956
VG;6.1;6.24;6.09;6.24;1455341;9024088
VGM;13.04;13.05;12.99;13.02;194108;2528049
VGR;20.43;20.485;20.35;20.37;394457;8042941
VHI;3.21;3.25;3.13;3.19;36341;116231
VIPS;13.44;13.46;13.175;13.29;2039944;27117192
VIV;14.57;14.72;14.4;14.5;1315173;19137062
VJET;2.79;2.87;2.71;2.758;63836;177697
VKQ;12.53;12.58;12.53;12.58;72083;904979
VLO;65.07;66.1;65;65.57;3287019;215446010
VLRS;14.22;14.52;14.09;14.39;272915;3916030
VLT;14.4;14.483;14.4;14.46;14790;213856
VLY;11.55;11.705;11.52;11.63;1808473;21039613
VMC;120.95;124.29;120.95;123.99;2495640;307974515
VMI;152.5;153.725;151.75;152.75;81987;12533969
VMO;13.14;13.16;13.117;13.16;111618;1467277
VMW;91.74;92.42;91.3;92.34;1073699;98785180
VNCE;1.35;1.7;1.3;1.35;1039666;1452951
VNO;101.72;102.6;101.5;101.62;572751;58397373
VPV;12.25;12.27;12.23;12.26;44047;539722
VR;55.97;56.25;55.66;55.75;281048;15679685
VRX;9.56;9.7998;9.44;9.59;15575998;149308477
VSH;15.75;16.1;15.75;15.9;764429;12184615
VSLR;2.85;3;2.85;3;191666;565257
VSTO;19.02;19.1199;18.36;18.42;953384;17653530
VTN;13.51;13.55;13.51;13.51;16806;227384
VTR;64.66;65.38;64.66;64.875;1780827;115918668
VVI;43.75;44.15;43.5;43.7;72084;3150690
VVR;4.61;4.63;4.61;4.62;426826;1972525
VZ;48.48;48.92;48.26;48.67;15252373;743837085
WAB;79.21;80.47;78.83;80.24;1021864;81775072
WAC;1.15;1.22;1.04;1.19;818076;941505
WAGE;70.15;72.25;70.15;71.65;294934;21082833
WAT;155.69;157.36;155.24;156.81;311439;48739495
WBAI;14.27;14.5;14.06;14.19;218350;3123159
WBC;116.37;117.74;115.625;116.49;248812;28999573
WBK;25.81;25.88;25.74;25.8;75044;1937582
WBS;48.65;49.23;48.26;48.61;771101;37519381
WCC;70.45;70.95;69.675;69.8;358884;25172793
WCG;143.5;144.09;142.53;142.95;193332;27671481
WCN;88.31;88.48;87.63;87.65;355119;31224982
WDAY;83;83.255;82.3;82.53;507227;41926286
WDR;16.44;16.75;16.39;16.64;848764;14106292
WEC;61.05;61.15;60.32;60.36;1327940;80545493
WES;61.32;61.37;60.4;60.78;87253;5313788
WFC;54.94;55.31;54.61;54.84;14195068;779597202
WFT;6.6;6.615;6.325;6.35;17564560;112847738
WG;2.67;2.74;2.65;2.69;50610;136772
WGL;82.25;82.595;81.96;81.96;276941;22770381
WGO;26.65;26.9;26.05;26.2;1111615;29330664
WHG;53.76;54.7475;53.07;54.17;14679;793650
WHR;166.68;167.58;166.25;167.03;303341;50671133
WIT;10.07;10.11;10.02;10.07;499872;5039729
WLL;9.4;9.45;9.11;9.12;9418306;86887235
WM;73.19;73.516;73.05;73.21;960060;70366945
WMB;30.4;30.6;30.26;30.35;6178218;187693413
WMK;59.67;60.9;59.57;60.73;88130;5329649
WMS;22.25;22.5;22.15;22.25;268530;5994168
WMT;72.1;72.99;71.8;72.9;9447279;686230272
WNC;20.34;20.51;20.19;20.3;955462;19404924
WNR;34.4;35.11;34.29;34.69;1027649;35626169
WNS;28.18;28.44;27.82;27.99;142189;3996898
WOR;42.8;43.82;42.65;43.34;401158;17400595
WPC;62.5;63;62.48;62.88;204119;12828051
WPG;8.74;8.76;8.62;8.64;1803035;15623880
WPZ;42.12;42.25;41.69;41.95;1217877;51100558
WR;54.37;54.4799;54.115;54.32;334134;18150661
WRE;31.79;32.16;31.79;32.06;300760;9633830
WRI;33.6;33.72;33.46;33.5;966604;32485032
WRK;51.71;51.8;50.98;51.08;1030241;52750901
WSM;54.11;54.83;54.02;54.44;1057608;57611270
WSO;141.07;141.56;139.5;140.02;390362;54791929
WSR;13.7;13.8;13.61;13.77;111960;1541399
WST;79.79;80.51;79.2;79.55;274130;21823645
WTI;2.8;2.81;2.68;2.7;1114025;3027315
WTM;860.285;863.95;857.64;860.66;6907;5945307
WTR;32.37;32.56;32.22;32.36;424663;13761800
WTS;61.2;61.6;61.05;61.55;123708;7596651
WTW;15.79;16.09;15.6;16.04;686534;10922925
WU;19.6;19.6;19.26;19.36;7513139;145557063
WUBA;36.06;37.09;35.93;36.76;520340;19090312
WWAV;56.23;56.24;56.23;56.23;2547517;143257733
WWE;22.28;22.54;22.03;22.11;247772;5498819
WWW;23.92;24.29;23.81;24.255;558797;13492329
WY;34.42;34.95;34.33;34.86;4333463;150703391
WYN;84.97;85.21;83.8;84.69;678734;57325238
X;32.61;34.09;32.36;33.9;19688260;659024403
XCO;0.5898;0.5898;0.5604;0.57;851991;485380
XEC;118.37;118.8;117.341;118.22;668257;78960542
XEL;44.7;44.81;44.4;44.4;1964924;87483365
XIN;4.38;4.44;4.37;4.38;61086;268584
XKE;7.99;7.99;7.99;7.99;125;999
XL;39.67;40.06;39.605;39.82;2004438;79958636
XNY;1.6;1.6;1.48;1.49;26820;40469
XOM;83.24;83.36;82.68;82.76;8131669;674078133
XON;18.89;19.24;18.6277;19.22;884843;16844137
XOXO;17.16;17.275;17.0024;17.15;63489;1086228
XRX;7.12;7.155;7.01;7.12;8621760;61257483
XYL;50.88;51.25;50.675;50.83;1059188;53979508
Y;609.66;615.54;605.475;611.73;32482;19868636
YELP;33.38;33.49;32.81;33.23;1681326;55728832
YGE;2.89;2.94;2.65;2.84;325396;918831
YPF;25.41;25.99;25.22;25.27;1561672;39788462
YRD;24.5;25.16;24.41;24.84;281945;6998258
YUM;64.43;64.79;64.245;64.28;2210834;142465857
YUMC;30.78;31.32;30.67;31.15;6275287;195074893
ZF;11.16;11.36;11.16;11.36;187872;2117751
ZNH;36.46;36.6;36.36;36.42;7580;276396
ZTR;11.97;12.04;11.88;12.04;172783;2071762
