A;52.85;53.03;52.47;52.56;1002179;52834503
AA;33.86;34.29;32.03;32.05;7183547;237393093
AAC;8.24;8.33;8.125;8.2;81471;669014
AAP;142.91;142.91;141.07;141.74;470349;66789203
AB;23.1;23.15;22.55;22.95;596317;13622154
ABB;22.95;22.9653;22.825;22.91;1299895;29760722
ABBV;64.17;64.41;63.67;64.37;4716919;302687966
ABC;87.15;87.59;86.14;86.82;1432304;124224006
ABM;42.32;42.85;42.16;42.45;507995;21613782
ABT;43.32;43.5899;43.19;43.48;4311097;187253771
ABX;20.05;20.365;19.86;20.22;13315215;267958261
AC;35.25;36.05;34.25;34.25;86084;2981191
ACH;12.6;12.6;12.47;12.51;33128;414542
ACM;33.57;33.609;32.633;32.98;802211;26448900
ACN;116.05;116.4;115.47;115.58;1779888;206016689
ACP;14.1;14.1106;13.82;14;120413;1677119
ACV;20.56;20.7583;20.4;20.48;54125;1112587
ADC;49.66;49.83;49.46;49.78;140092;6963598
ADM;44.64;44.9;44.32;44.65;2487455;110847047
ADNT;67.53;67.92;66.32;66.55;653003;43677919
ADS;238.34;241.43;238.27;238.9;475841;113939049
ADX;13.78;13.79;13.73;13.75;118406;1628223
AEE;54.7;55.415;54.56;55.39;1871256;103311801
AEG;4.9;4.91;4.85;4.89;1321908;6447582
AEM;46.52;47.22;46.28;47.12;1650169;77216094
AEO;13.75;13.83;13.6;13.63;2598476;35575644
AEP;67.15;67.85;67.02;67.79;1702832;115089077
AER;43.56;44.032;43.22;43.41;800258;34859292
AES;11.29;11.39;11.24;11.37;8398050;95231904
AET;129.78;129.78;128.41;129.08;1051365;135588949
AEUA;44.09;44.985;43.67;44.7;57349;2543187
AFB;13.54;13.59;13.53;13.56;23601;319669
AFC;25.6684;25.79;25.6192;25.69;5876;150938
AFG;95;95;93.69;94.32;229184;21617905
AFL;73.17;73.66;73.01;73.35;1956979;143385059
AG;9.16;9.26;9;9.23;3476346;31839552
AGC;6.14;6.19;6.11;6.12;221818;1365417
AGCO;60.79;61.02;58.73;58.87;527570;31253791
AGI;8.38;8.57;8.35;8.57;2376606;20089356
AGM;56.54;56.54;54.91;55.31;31473;1744685
AGN;238.92;239.35;236.38;237.83;1161261;276137730
AGO;38.31;38.47;37.9;38.07;531498;20262942
AGR;43.12;43.55;43.05;43.42;604073;26194252
AGRO;11.57;11.76;11.52;11.58;406398;4734548
AGU;93.33;93.69;92.85;93.35;242460;22603561
AGX;69.75;69.75;64.125;64.5;372514;24479662
AHC;6.1;6.2;6.1;6.15;19870;122273
AHP;10.85;10.85;10.65;10.75;127390;1368028
AHT;6.5;6.5;6.305;6.33;732270;4663421
AI;14.2;14.26;14;14.02;233161;3287398
AIG;60.19;60.46;59.735;60.17;7000122;420827330
AIN;45.7;45.7;44.875;44.95;87411;3946458
AIR;34.26;34.26;33.33;33.37;99943;3343540
AIT;61.35;61.35;59.6;59.75;75819;4562012
AIV;44.86;44.94;44.11;44.24;2314580;102906291
AJG;56.16;56.18;55.61;55.79;791829;44154900
AJRD;21.7;21.72;21.07;21.36;438689;9361694
AKOA;23.15;23.15;23.15;23.15;100;2315
AKOB;24.85;25.074;24.32;24.45;29000;716377
AKP;13.48;13.57;13.48;13.57;14214;192405
AKR;30.54;31.05;30.4;31.02;730205;22530698
AKS;6.97;6.97;6.53;6.58;27404260;183259604
AL;36.54;36.84;35.71;35.78;1009830;36374318
ALB;106;106.0792;103.8;104.12;563090;58721742
ALDW;9.13;9.25;8.9301;9.15;46432;422117
ALE;69.41;69.45;68.645;69.32;214449;14828950
ALEX;45.1;45.1;44.33;44.71;54090;2419001
ALG;74.7;74.7;72.6;72.94;14380;1051615
ALK;89.6;90;88.265;88.66;1289012;114718089
ALL;80.58;81.12;80.1;80.97;1763942;142394035
ALLE;75.27;75.45;74.4;75.23;646804;48582153
ALR;42.41;42.63;42.195;42.36;513030;21739933
ALV;98.23;98.28;97.07;97.16;293320;28577775
ALX;436.265;438.09;436.2032;438.07;754;329940
AM;33.5;33.5;32.7;33.01;220610;7266128
AME;54.35;54.49;53.465;53.52;1944644;104362622
AMG;163.17;163.42;161.19;162.25;230888;37470891
AMH;23.47;23.53;23.29;23.31;1372397;32109276
AMN;39.65;40.3;39.45;39.85;356349;14193167
AMP;129;129.06;126.99;127.54;725012;92626960
AMRC;6.55;6.55;6.3;6.45;61182;393033
AMT;122.43;122.95;122.09;122.37;2115174;259015949
AMX;14.44;14.69;14.335;14.52;2684778;38872498
AN;40.77;40.79;39.95;40.07;847835;34057536
ANF;11.22;11.3;11.07;11.13;1555730;17374048
ANH;5.62;5.63;5.55;5.59;398291;2225778
ANW;12.35;12.5;12.05;12.1;421350;5161334
AOD;8.3;8.34;8.29;8.31;176067;1462128
AON;119.16;119.48;118.34;118.67;648917;77049502
AOS;50.81;50.81;49.74;49.85;682453;34115535
AP;16.5;17;16.1;16.15;124134;2038432
APA;53.84;54.64;53.51;53.81;3464614;186652089
APB;12.2294;12.25;12.2211;12.2211;3305;40439
APC;63.07;63.549;62.16;62.54;2151861;134848992
APD;136.46;136.475;135.35;135.51;742469;100853070
APF;15.4217;15.47;15.39;15.43;7865;121359
APH;69.88;69.95;68.565;68.84;765729;52730455
APU;46.33;46.73;46.22;46.57;48137;2240307
ARA;17.27;17.68;16.81;17.22;121959;2107752
ARCH;73.1;73.61;70.42;71.39;638671;45616752
ARCO;8.1;8.15;8;8.05;763300;6158458
ARD;21.1;21.3;21;21.1;305206;6414253
ARE;113.54;114.13;113.29;113.63;341776;38848781
ARI;18.81;18.83;18.73;18.78;536485;10071393
ARNC;26.5;26.5;25.705;25.85;5224737;135193287
ARR;23.3;23.3541;23.12;23.2;288662;6710582
ARW;71.04;71.22;69.81;69.97;410348;28773200
ASA;12.73;12.94;12.695;12.94;165816;2122414
ASC;8.3;8.55;8.3;8.3;167454;1403284
ASG;4.57;4.58;4.565;4.58;73450;335847
ASGN;46.93;47;46.31;46.45;124843;5816612
ASH;126.09;126.09;123.47;123.96;583132;72366928
ASR;183.36;183.72;178.86;180.58;29891;5388529
ASX;6.33;6.34;6.28;6.34;872221;5508425
AT;2.65;2.7;2.6;2.6;180246;475158
ATEN;8.89;8.99;8.78;8.84;194707;1726212
ATH;51.69;51.88;51.225;51.35;455316;23431971
ATHM;30.73;30.84;29.43;29.47;685636;20413837
ATI;18.36;18.36;17.73;17.79;2375191;42623185
ATO;80.27;80.65;79.98;80.49;219639;17647724
ATR;76.89;76.92;76.04;76.23;180639;13780879
ATU;25.85;25.95;25.125;25.25;524518;13339170
ATV;9.52;9.52;9.38;9.38;500;4708
ATW;9.14;9.16;8.47;8.52;2619372;22877419
AU;12.76;12.84;12.54;12.8301;4068344;51701299
AUO;4.1;4.18;4.1;4.17;1584873;6566146
AUY;2.95;3.04;2.93;3.02;10322096;30856989
AVA;39.81;40.1;39.66;39.99;193624;7739018
AVB;186.45;188.61;186.3;187.43;497853;93465993
AVD;17.1;17.195;16.4;16.85;123495;2073518
AVP;4.53;4.63;4.51;4.53;2314117;10560610
AVT;44.66;44.77;43.89;43.94;642242;28321446
AVX;16.22;16.25;16.04;16.19;173729;2810673
AVY;79.31;79.79;79.23;79.64;479316;38139932
AWF;12.61;12.68;12.61;12.62;279504;3534279
AWK;78.37;78.84;78.11;78.82;766512;60276513
AWR;44.93;45.02;44.425;44.86;55706;2497888
AXE;79.15;79.2;75.7;75.95;86413;6649547
AXL;16.78;16.94;16.59;16.7;1334477;22325781
AXP;77.39;77.48;76.58;76.68;2712519;208534575
AXR;6.26;6.43;6.26;6.43;400;2522
AYI;177.82;177.99;173.36;174.8;678740;118761529
AZN;30.09;30.21;30.045;30.14;2115485;63755772
AZO;696.16;700.57;692.335;693.34;174262;121133587
AZZ;59.9;59.9;58.2;58.5;64365;3768319
B;50.94;50.94;49.74;49.91;108588;5435910
BA;178.25;178.25;175.94;176.005;2304349;407026154
BABA;110.5;111.7;110.31;110.63;6936295;769513852
BAC;22.88;22.94;22.61;22.65;74110534;1687082816
BAF;14.52;14.58;14.52;14.53;14236;207160
BAK;21.09;21.18;20.21;20.87;504043;10404199
BAM;36.85;36.98;36.58;36.81;697205;25634794
BAP;160.08;161.62;158.08;158.84;195201;31062253
BAX;52.9;53.54;52.86;53.53;3527161;187861161
BBD;10.18;10.18;10;10.08;9493419;95746587
BBF;14.88;14.94;14.88;14.91;8813;131363
BBG;4.4;4.45;4.12;4.19;1701163;7237876
BBK;15.33;15.38;15.2801;15.38;9744;149499
BBT;43.39;43.66;43;43.23;3844896;166423750
BBVA;7.39;7.41;7.36;7.39;1765206;13029708
BBW;9;9;8.682;8.7;68385;599700
BBY;48.66;48.67;48.29;48.365;1740693;84343158
BC;57.88;57.88;56.27;56.39;673972;38177952
BCC;30.05;30.2;29.2;29.35;242408;7197181
BCE;45.62;45.92;45.47;45.87;727305;33290517
BCEI;0.92;0.9443;0.861;0.9155;1109191;985607
BCH;74.28;74.62;73.97;74.47;95300;7076320
BCO;55.35;56.475;55.1;56.4;413539;23148961
BCR;248.99;250.11;248.43;249.1;220853;55014951
BCS;10.69;10.74;10.64;10.67;2334547;24945020
BCX;8.72;8.74;8.7;8.7;163729;1427009
BDN;16.94;17.115;16.885;16.92;594680;10088065
BDX;182.91;183.94;182.46;183.22;537754;98488683
BEN;41;41.36;40.54;40.81;2979843;121909974
BEP;30.84;30.99;30.75;30.94;42207;1303728
BFK;14.16;14.16;14.1;14.15;107632;1520948
BFR;18.79;18.9;18.26;18.46;324964;6017822
BFS;64.05;64.29;63.51;63.84;24541;1569166
BFZ;14.34;14.3899;14.34;14.36;55376;795557
BG;77.13;77.98;76.62;77.19;982886;76074900
BGC;18.2;18.25;17.1;17.15;540305;9407036
BGG;21.64;21.64;21.18;21.28;120467;2571054
BGR;13.98;14.1;13.9664;14.01;117960;1655861
BGY;5.83;5.8638;5.83;5.84;527770;3084865
BH;432.23;436.9;425.8;427.17;2400;1033277
BHE;31.05;31.2;30.5;30.75;110431;3400210
BHI;60.74;61.45;60.2;60.34;1509886;91501368
BHK;13.54;13.63;13.54;13.56;69746;947221
BHP;37.18;37.43;36.36;36.58;5623682;206719764
BID;46;46.03;44.42;44.55;456282;20483478
BIF;9.36;9.3601;9.327;9.36;205591;1920673
BIP;38.41;38.95;38.41;38.89;248377;9624092
BITA;23.9;24.42;23.81;23.95;264399;6361149
BJZ;15.0548;15.0711;15.05;15.05;10245;154222
BK;47.04;47.17;46.66;46.88;3221119;151052181
BKE;18.7;18.85;18.325;18.5;402084;7447703
BKFS;38.95;39.4;38.6;39.1;100346;3925756
BKH;67.68;67.96;67.39;67.83;135224;9161595
BKN;14.82;14.85;14.78;14.83;22935;340015
BKS;9.2;9.4;9.2;9.35;711868;6626453
BKT;6.22;6.25;6.22;6.23;188971;1178908
BLH;14.84;14.8422;14.78;14.8;11180;165454
BLK;382.93;384.755;380.38;381.44;269418;102971629
BLL;72.22;72.57;71.49;71.74;1152815;82679325
BLX;28.23;28.27;27.9501;28.13;75228;2115613
BMA;84.99;86.37;84.235;84.37;102460;8738566
BMO;74.14;74.4;73.79;74.1;361273;26774715
BMS;48.29;48.58;48;48.29;394927;19025864
BMY;52.82;53.14;52.75;52.99;6351569;336351771
BNJ;15.14;15.14;15.1;15.1144;9411;142321
BNS;58.06;58.15;57.45;57.85;700797;40494202
BNY;14.66;14.7;14.57;14.59;28761;421119
BOE;12.59;12.64;12.57;12.61;311281;3926039
BOH;80.44;81.6;79.02;79.33;160694;12785302
BORN;1.17;1.17;1.12;1.16;10200;11620
BOX;16.76;16.97;16.59;16.69;516340;8644120
BP;35.4;35.69;35.3;35.45;6319911;224008127
BPI;11.77;11.77;11.23;11.27;63775;723393
BPK;15.08;15.08;15.04;15.06;28076;422568
BPL;68.57;68.57;67.72;67.91;297292;20233368
BPT;21.3;21.8499;19.3;19.7;467499;9467194
BPY;22.75;23;22.687;22.92;116436;2663731
BQH;14.46;14.4635;14.37;14.37;2168;31341
BR;67.96;67.96;67.37;67.67;328575;22230471
BRC;38.4;38.4;37.3;37.4;143777;5408556
BRFS;12.3;12.55;12.29;12.54;4702781;58621599
BRKA;248200;248400;247341;247930;180;44620923
BRKB;165.07;165.48;164.66;165.11;2930248;483535812
BRO;42.04;42.27;41.54;41.64;500982;20890392
BRS;14.81;14.93;14.28;14.44;409177;5946230
BRT;8.24;8.35;8.05;8.11;114009;925441
BSD;13.6;13.67;13.6;13.66;36671;500176
BSE;13.32;13.3279;13.29;13.3187;8705;115911
BSX;24.49;24.61;24.39;24.53;4466865;109498805
BT;19.77;19.93;19.75;19.91;364908;7247005
BTE;3.55;3.63;3.44;3.47;2258774;7991901
BTO;33.97;34.0691;33.66;33.77;54267;1834433
BVN;11.93;12.17;11.73;12.12;1240718;14841448
BW;9.36;9.36;8.91;9.11;379220;3444739
BWA;38.22;38.74;38.08;38.59;2563649;98736199
BWG;12.81;12.94;12.81;12.92;81957;1056225
BWP;18.63;18.68;18.38;18.48;235608;4362212
BX;29.2;29.31;29;29.26;2064006;60192258
BXE;0.84;0.84;0.8171;0.8297;299890;248512
BXP;136.5;137.35;136.15;136.59;901273;123316022
BXS;30.15;30.3;29.55;29.7;382929;11414634
BYD;22.27;22.36;21.62;21.69;1361685;29796097
BYM;14.05;14.11;14.04;14.1;34512;485885
BZH;12.11;12.11;11.7836;11.9;332893;3973579
C;59.09;59.125;58.27;58.51;14047843;823771640
CAB;53.37;53.44;52.96;53.27;154942;8253715
CAE;15.36;15.47;15.33;15.4;169054;2600090
CAF;19.4;19.425;19.3;19.3;117463;2271388
CAG;40.37;40.71;40.31;40.62;2426487;98412906
CAH;81.71;81.98;81.036;81.71;969322;79016693
CAI;15.8;15.8;14.96;15.02;33628;509958
CAJ;31.06;31.08;30.95;31.05;167724;5201775
CAL;25.98;26.15;25.6544;25.88;242639;6277722
CAT;96.69;96.77;94.66;94.86;4274860;407851605
CB;137.1;137.24;136.42;137.02;1547795;211753133
CBB;17.75;17.8;17.5;17.6;117839;2078930
CBD;18.6;18.61;18.37;18.52;394504;7293960
CBI;30.47;30.47;29.74;29.81;881994;26361990
CBK;1.4;1.44;1.35;1.39;194934;270517
CBL;9.32;9.51;9.32;9.4;1532698;14440365
CBM;56.95;56.95;55.4;55.4;162147;9041742
CBS;67.8;67.9;67.06;67.16;1974882;133120756
CBT;59.05;59.4613;57.82;57.99;144479;8389219
CBU;53.36;53.72;52.73;53.04;105737;5617910
CBZ;14.1;14.1;13.95;14;177318;2481064
CC;37.49;37.55;35.89;35.98;1748882;63541789
CCC;13.85;14;13.65;13.75;118255;1629192
CCE;37.18;37.31;37;37.16;1114353;41352959
CCI;95.5;96.48;95.36;96.45;1636350;157392126
CCJ;11.69;11.695;11.24;11.33;2712251;30871557
CCK;53.42;53.64;53.16;53.55;1356435;72541197
CCL;58.23;58.27;57.47;57.73;3508364;202453634
CCU;26.9;26.9;25.94;26.16;264432;6917553
CCZ;51.73;51.73;51.73;51.73;194;10036
CDE;9.63;9.78;9.42;9.68;4211061;40534328
CDI;8.15;8.4;8.045;8.15;24789;203697
CDR;5.29;5.33;5.22;5.31;328475;1737953
CE;92.81;92.81;90.48;90.6;629383;57292688
CEA;28.013;28.02;27.81;27.93;6998;195338
CEE;21.06;21.13;20.93;21.13;36611;771176
CEL;10.01;10.16;9.72;9.8;21095;208015
CEN;12.68;12.68;12.52;12.63;60366;759456
CEO;120.86;121.14;120.06;120.64;51300;6181986
CEQP;26.7;27.05;26.45;26.5;115305;3079836
CF;29.4;29.48;28.49;28.62;4220566;121249334
CFI;31.85;32.5;31.45;32.35;52774;1703230
CFR;89.39;89.74;87.745;88.03;194464;17200118
CGA;1.251;1.27;1.25;1.26;70818;89063
CGG;7.1005;7.14;6.97;6.97;3742;26455
CGI;5.1;5.1;4.75;4.9;507987;2487519
CHA;49.65;49.7886;49.46;49.67;14927;740419
CHD;49.87;50.15;49.81;50.02;1445481;72300795
CHH;62.65;63.1;62.1;62.75;95826;5997649
CHK;6.18;6.39;6.12;6.15;41296074;256743271
CHKR;2.7;2.75;2.7;2.75;18273;49703
CHL;54.58;54.68;54.35;54.58;332624;18122736
CHMI;17.35;17.39;17.21;17.35;133926;2316919
CHMT;33.35;33.4;33.35;33.35;273637;9128142
CHN;17.25;17.31;17.17;17.24;21715;374377
CHS;13.5;13.6;13.39;13.47;1388552;18750777
CHU;13.51;13.53;13.41;13.49;327165;4401801
CI;150.9;151.39;149.87;150.59;658834;99109600
CIA;6.52;6.53;6.11;6.12;153074;952284
CIB;40.67;40.67;40.25;40.29;126997;5133314
CIE;0.58;0.591;0.5;0.5001;11025130;5885122
CIEN;21.86;21.885;21.43;21.6;1425982;30817109
CIF;2.68;2.68;2.66;2.67;114333;305137
CIG;3.04;3.04;2.92;2.99;8191296;24311922
CIM;20.4;20.5;20.39;20.45;1447233;29599746
CIR;58.54;58.54;56.7;56.93;34246;1960628
CKH;66.24;66.25;64.67;64.81;56614;3678925
CL;73.63;74.0962;73.44;74;2527017;186879422
CLB;116.73;118.13;115.51;116.8;292953;34334290
CLD;4.74;4.81;4.47;4.48;945294;4339867
CLF;7.72;7.72;7.29;7.37;26368499;196140751
CLGX;40.92;41.46;40.63;41.27;1123402;46225026
CLH;57.26;57.26;56.28;56.48;187652;10631181
CLI;27.9;28.04;27.61;27.82;518784;14429785
CLNS;12.85;12.97;12.77;12.77;2412914;31012531
CLR;46.95;47.48;45.69;45.84;2141866;99152734
CLS;14.52;14.55;14.22;14.28;237075;3389021
CLX;133.8;134.67;133.61;134.64;466590;62670181
CM;86.24;86.28;85.16;85.42;616500;52775379
CMA;67.3;67.3;66;66.12;1248734;82882807
CMC;18.56;18.572;18.05;18.1;1411990;25772185
CMD;73.15;73.77;72.33;72.72;55509;4045306
CMG;451.89;459.24;450.4677;458.28;480695;219556845
CMO;10.71;10.71;10.61;10.65;343403;3658494
CMRE;6.81;6.81;6.59;6.78;1082345;7264352
CMS;45.22;45.77;45.02;45.55;3181593;144858747
CMU;4.64;4.65;4.633;4.64;27833;129196
CNA;43.71;43.83;43.44;43.75;120384;5261781
CNI;73.92;74.15;73.2;73.36;876218;64491538
CNO;20.87;20.87;20.35;20.38;846509;17337505
CNP;27.93;28.12;27.74;28.04;1922523;53826388
CNQ;34.05;34.3;33.64;33.69;1345439;45572710
CNX;16.73;16.78;16.24;16.28;2472024;40608254
CODI;17.2;17.2;17;17;163818;2794091
COF;82.64;83.17;82.03;82.42;1977528;163264321
COG;24.54;24.81;24.35;24.445;4075592;99800793
COH;40.11;40.27;39.9095;40.14;2598623;104275314
COL;99.13;99.14;97.79;97.99;764564;75114359
COO;198.68;200.15;196.05;197.06;160177;31560026
COP;50.14;50.62;49.295;49.44;6891995;342909324
COR;92.85;92.93;91.66;92.21;146686;13519876
COT;12.62;12.77;12.53;12.71;573125;7280340
CP;152.79;153.16;150.54;150.82;427512;64662579
CPA;115.31;116.32;114.72;114.98;157596;18189640
CPB;56.56;57.15;56.36;57.03;1655624;94271104
CPE;13.58;13.725;13.11;13.13;4617332;61702157
CPF;30.07;30.07;29.47;29.54;49275;1459726
CPG;11.16;11.4;10.97;11.01;698655;7779294
CPK;70.2;70.85;69.6;70.25;63365;4457280
CPL;16.34;16.4;16.28;16.4;221823;3623919
CPN;10.57;10.84;10.51;10.82;3348581;35978314
CPT;81.73;82.17;81.28;81.52;351968;28734772
CR;75.37;75.4499;73.68;73.93;141388;10476457
CRC;15.43;15.76;14;14.15;2012761;29595674
CRH;34.38;34.4;34.08;34.25;292576;10011804
CRI;90.12;90.33;89.28;89.98;465975;41933370
CRK;9.99;10.28;9.59;9.67;288947;2856147
CRL;87.41;87.94;86.6501;87.09;112079;9766264
CRM;83.83;84.08;83.2;83.37;2444934;204181571
CRR;11.17;11.26;10.49;10.6;498733;5358778
CRS;36.93;37.04;35.63;35.84;188712;6795490
CRT;16.05;16.15;15.82;16.15;9281;148622
CRY;15.6;15.6;14.95;14.95;145140;2193226
CS;14.43;14.475;14.29;14.36;3657385;52592578
CSL;105.38;105.58;104.66;104.78;300123;31504243
CSS;25.75;25.88;25.05;25.24;7545;191107
CST;48.34;48.35;48.26;48.32;248096;11984850
CSTM;5.9;5.9;5.6;5.6;1030420;5874363
CSU;13.93;13.96;13.67;13.81;139773;1928954
CSV;27.7;27.735;27.29;27.3;94279;2590826
CTB;44.45;44.45;43.25;43.3;499312;21887983
CTL;24.85;25.14;24.78;25.14;9204049;230344340
CTS;20.45;20.5;19.65;19.7;43766;869341
CTV;25.52;25.6;25.52;25.6;16513;422381
CTX;25.27;25.3141;25.24;25.27;62120;1568871
CUB;50.2;50.25;48.8;48.95;72783;3573022
CUZ;8.43;8.54;8.39;8.43;2407729;20322770
CVA;15.45;15.5;15.3;15.35;633919;9759723
CVE;11.05;11.08;10.6747;10.89;6191787;67028930
CVEO;3.12;3.16;3.08;3.16;960503;3001425
CVG;21.39;21.57;21.195;21.3;598753;12778784
CVI;18.05;18.5195;17.58;17.69;594370;10702472
CVO;4.1;4.16;4;4;29307;118978
CVS;77.84;78.15;77.74;77.96;4233193;329819336
CVX;109.36;109.36;108.45;108.97;4337443;472031787
CW;90.94;90.94;88.655;88.83;135041;12066771
CWEI;134.97;136.23;133.92;134.35;167131;22480298
CWT;36.7;36.85;36.2;36.8;72791;2670310
CX;9.22;9.2399;8.935;9;8326687;75161582
CXE;5.1;5.12;5.07;5.08;33346;169574
CXH;9.74;9.7801;9.74;9.78;10957;107008
CXO;132.09;133.84;131.25;132.27;1131739;149962057
CXP;22.98;23.12;22.695;22.75;716261;16336256
CXW;33.36;33.48;32.58;33.07;840683;27736817
CYD;18.36;18.36;17.69;17.73;64260;1150472
CYH;9;9.06;8.725;8.88;1210443;10724717
CYS;8.19;8.19;8.07;8.08;1579117;12818492
CZZ;8.65;8.65;8.4;8.41;972611;8229226
D;77.38;77.98;77.01;77.93;1523313;118468636
DAC;1.85;1.85;1.75;1.8;19011;34282
DAL;46.97;47.17;45;45.05;13205418;606698516
DATA;50.86;51.34;50.62;50.86;603339;30759385
DB;16.27;16.285;16.11;16.19;5357079;86697435
DBD;29.15;29.2;28.5;28.7;619385;17815502
DCI;45.81;45.94;44.57;44.67;496343;22275838
DCM;23.77;23.83;23.6959;23.81;117390;2789309
DCO;29.67;29.67;28.001;28.92;102302;2930328
DCP;38.93;39.29;38.405;38.71;254696;9890232
DD;79.01;79.32;78.3;78.43;1740897;136864272
DDD;14.73;14.915;14.58;14.65;1982006;29212414
DDE;1.0338;1.04;1.03;1.03;8300;8572
DDF;10.41;10.415;10.36;10.36;12822;133088
DDR;12.48;12.62;12.44;12.62;3184295;39985849
DDS;53.03;53.36;52.29;52.49;400207;21101924
DE;110.99;111.199;109.28;109.35;1740290;191073974
DECK;57.33;57.57;56.57;56.76;562561;32022556
DEL;78.32;78.32;76.63;76.83;9862;759815
DEO;116.3;116.46;115.99;116.42;226228;26294349
DF;20.05;20.1;19.7;19.74;861410;17069852
DFS;65.64;66.15;65.35;65.47;1864783;122438733
DG;68.64;69.11;68.61;68.97;1564496;107853995
DGI;33.25;33.35;32.875;33;250031;8262695
DGX;98.4;98.46;97.64;98.12;327104;32062585
DHF;3.44;3.44;3.41;3.42;217447;744242
DHI;33.7;33.72;33.31;33.44;1984955;66436595
DHR;86.41;86.41;85.58;85.75;1378369;118262531
DHT;4.6;4.64;4.46;4.48;503056;2275734
DIS;113.03;113.276;112.76;113.04;3668823;414586152
DK;23.23;23.345;22.58;22.75;763153;17368979
DKL;31.7;32;31.5;31.95;16460;521116
DKS;50.9;50.95;50.14;50.23;1426245;71928647
DL;11.34;11.4;10.93;10.97;70887;782122
DLB;51.37;51.38;50.75;50.99;255708;13046873
DLR;109.44;110;109.02;109.92;660707;72503553
DLX;69.35;69.36;68.19;68.66;260655;17908660
DNB;106.93;106.93;104.68;105.28;395805;41680018
DNOW;17.6;17.785;17.14;17.16;844720;14643461
DNP;10.88;10.9501;10.88;10.93;406600;4440267
DNR;2.53;2.57;2.39;2.41;7261007;17805699
DO;16.15;16.396;15.62;15.63;1598280;25363402
DOV;80.91;81.02;79.215;79.33;692523;55153486
DOW;62.74;62.74;61.79;61.92;4118824;255762233
DPS;96.72;97.64;96.515;97.28;700573;68148659
DPZ;176.23;176.45;174.81;175.13;554753;97279450
DQ;19.81;19.81;19.01;19.08;54354;1040917
DRD;5.08;5.14;4.96;5.03;186592;935362
DRE;27.59;27.82;27.51;27.76;1966919;54510403
DRH;10.93;11.01;10.81;10.92;2479778;27048593
DRI;83.03;83.1799;82.06;82.49;1148407;94631702
DRQ;53.65;54.7;53.35;54.65;645183;35078358
DS;4.02;4.06;3.98;4.05;358932;1442110
DSL;20.57;20.69;20.5516;20.65;340672;7031538
DSM;8.43;8.43;8.41;8.41;23056;194209
DST;123.3;123.61;122.41;122.47;126308;15527925
DSU;11.55;11.59;11.52;11.52;219147;2533910
DSX;5.96;6.05;5.805;5.93;1058883;6292833
DTE;103.29;104.09;102.79;103.96;637234;66107504
DTF;15.07;15.07;14.99;15.05;19100;287307
DUC;9.22;9.22;9.19;9.2;22461;206761
DUK;81.96;82.84;81.76;82.78;1580776;130412614
DV;35.75;35.85;34.7;34.7;363935;12757608
DVA;67.65;68.339;67.51;68.1;546309;37166363
DVD;2.1;2.15;2;2.05;30189;62490
DVMT;64.61;64.92;63.72;63.9;1187003;75937693
DVN;42.52;42.97;41.715;41.87;3462595;145993762
DX;6.97;6.98;6.93;6.97;122601;853905
DXB;25.04;25.04;24.98;25;50735;1269142
DXC;74.04;76.75;74;76.13;3422772;259351377
DY;95.6;95.77;92.9;93.31;365815;34253712
E;32.34;32.6;32.25;32.37;164477;5327594
EARN;14.79;14.84;14.4;14.68;53063;779770
EAT;43.48;43.74;43.15;43.7;1076945;46829548
EBF;16.2;16.3;15.55;15.65;53431;844243
EBR-B;6.4501;6.4501;6.33;6.43;26164;167303
EBS;28.82;29.12;28.49;28.79;281038;8093092
EC;9.73;9.75;9.57;9.61;1035490;9978269
ECA;12.04;12.22;11.72;11.78;14041688;167315817
ECL;125.14;125.82;124.68;124.96;613078;76599781
ECT;2.1;2.11;2.05;2.1;31255;65422
ED;77.63;78.59;77.44;78.58;1638860;128362241
EDF;16.26;16.3273;16.15;16.19;85403;1383660
EDU;59.91;60.06;59.09;59.45;809815;48120743
EE;51.45;51.7;51.15;51.4;106728;5492149
EEP;18.51;18.57;17.98;18.22;2875466;52048132
EEQ;18.29;18.29;17.7801;17.91;170762;3061558
EFC;16;16.0227;15.9;16.01;21794;348518
EFT;15.15;15.17;15.11;15.14;105460;1596645
EFX;135.06;135.75;134.78;135.31;286033;38696556
EGN;55.64;56.67;54.48;54.6;732074;40426679
EGO;3.55;3.6;3.46;3.55;5339217;18848512
EGP;78.33;78.6;77.97;78.26;281428;22024113
EGY;1.01;1.1;1.0001;1.07;737893;773215
EHI;10.16;10.19;10.15;10.15;96767;983680
EIX;79.67;80.85;79.52;80.8;879189;70805581
EL;84.37;85.03;84.33;84.92;803988;68216099
ELLI;103.98;104.27;103.06;103.13;194018;20075002
ELP;9.66;9.66;9.5;9.61;197284;1890540
ELY;11.47;11.53;11.42;11.47;814951;9347937
EMD;15.56;15.57;15.51;15.56;285821;4437603
EME;63.38;63.38;61.08;61.17;362114;22274507
EMES;14.53;15.05;14.1901;14.34;985722;14384116
EMF;14.18;14.18;14.05;14.09;37029;522086
EMN;80.16;80.19;78.23;78.69;912920;71800149
EMO;13.76;13.76;13.61;13.71;93234;1276974
EMR;59.64;59.73;58.21;58.42;2933904;171740575
ENB;42.18;42.58;42.13;42.515;2176705;92329603
ENIA;10.53;10.57;10.3893;10.44;812552;8487615
ENO;25.0293;25.0661;25.02;25.06;4504;112766
ENR;57.94;58.46;57.635;57.78;537187;31099948
ENZ;8;8.02;7.88;8;95336;758671
EOG;97.82;98.88;97.18;97.49;1903496;186051808
EOS;13.69;13.72;13.65;13.7;143656;1966505
EPC;70.73;70.73;69.72;70.4;460319;32317138
EPD;28.16;28.19;27.78;27.88;3095712;86261411
EPR;75.58;76.35;75;75.36;236487;17837409
EQR;63.95;64.2;63.38;63.435;1196860;76187136
EQS;2.46;2.47;2.42;2.47;4701;11534
EQT;63.35;64.14;62.92;63.36;1267253;80389661
ERJ;21.46;21.46;21.175;21.27;565642;12039605
ESE;58.55;58.55;57.05;57.7;59514;3432179
ESL;88.4;88.4;86.25;86.25;94293;8184552
ESS;236.91;237.75;234.5;234.75;430138;101445715
ESV;9.26;9.29;8.67;8.72;10575511;94020138
ETE;18.9;19.01;18.66;18.75;1971963;37083512
ETH;30.2;30.2;29.35;29.4;166913;4935093
ETJ;9.23;9.23;9.16;9.2;249537;2292845
ETM;13.85;13.85;13.4;13.55;99457;1352075
ETN;75.58;76;73.9578;74.24;2723685;202669734
ETP;35.78;35.88;35.33;35.66;2686954;95687302
ETR;76.34;77.11;76.08;77.08;917609;70419304
EURN;7.95;8.05;7.85;7.95;361038;2862000
EV;43.67;43.78;43.07;43.13;710470;30761888
EVC;6.2;6.25;6.05;6.15;236696;1458059
EVF;6.77;6.77;6.75;6.76;46101;311770
EVG;14.08;14.08;13.9701;14.01;53661;752627
EVHC;60.71;60.81;59.61;60.31;1287577;77580516
EVN;12.98;13.05;12.98;13.04;21470;279511
EW;93.75;94.11;93.13;93.75;816025;76429170
EXC;35.97;36.26;35.76;36.19;4344593;156715725
EXK;3.4;3.45;3.34;3.45;1582657;5387637
EXP;97.34;97.34;94.6701;95.13;214732;20495424
F;11.27;11.295;11.2;11.23;49608450;557449781
FAF;38.8;38.8;38.349;38.47;288424;11101804
FBC;28.52;28.6;27.93;28.02;82278;2313175
FBP;5.57;5.59;5.48;5.52;1104687;6104793
FBR;9.19;9.29;9.11;9.28;1462063;13478020
FC;21.1;21.1;20.45;20.95;50244;1043444
FCAU;10.12;10.1364;10.01;10.05;3678113;37034627
FCF;12.88;12.93;12.6;12.69;256811;3260193
FCFS;48.6;48.75;48;48.2;113159;5461067
FCH;7.28;7.3;7.18;7.28;468468;3401504
FCN;41.76;41.76;40.93;40.98;131595;5408907
FCX;13.44;13.46;12.78;12.88;21716244;282199162
FDC;14.88;15.01;14.81;14.96;2223969;33207618
FDP;59.35;59.51;58.9501;59.39;72663;4308782
FDS;160.91;160.99;159.03;159.2;202235;32291557
FDX;193.12;193.23;186.15;186.3;2467968;464601241
FE;31.4;31.64;31.26;31.61;2275931;71725191
FF;14.53;14.53;14.08;14.23;70016;1001644
FFC;20.93;20.93;20.72;20.74;89982;1869335
FFG;66;66.05;64.425;64.8;12747;827738
FGP;5.84;6.04;5.8;6.01;281954;1678395
FICO;129.38;130.04;127.91;128.16;92995;11987469
FIF;19.3;19.31;19.18;19.2;44061;847181
FII;26.38;26.8;26.17;26.605;669894;17770444
FIS;79.76;80.57;79.515;80.46;971616;78002285
FIT;5.56;5.65;5.42;5.48;5871111;32288091
FIX;36.4;36.4;35.575;35.65;101670;3639172
FL;73.04;73.15;72.01;72.62;1328376;96451946
FLO;19.59;19.67;19.49;19.59;823621;16129123
FLR;52.57;52.57;50.97;51.13;1118702;57546430
FLS;48.54;48.74;47.59;47.72;1245551;59727133
FLY;12.95;13.11;12.74;12.74;161213;2080510
FMC;74.91;75.23;72.63;72.89;2357338;172990482
FMS;41.9;42.26;41.845;42.22;186362;7829980
FMX;92.47;92.47;90.75;91.28;256611;23419572
FNV;69.45;69.98;68.76;69.92;413822;28736220
FOE;15.35;15.36;15.04;15.18;479857;7305664
FPT;13.18;13.22;13.17;13.2;6396;84379
FR;28.22;28.38;28.04;28.15;530306;14931232
FRC;92;92.34;91.4128;91.97;1081373;99337278
FRO;6.95;6.95;6.76;6.77;516239;3524601
FRT;134.53;135.38;134.39;134.87;313333;42239848
FSM;5.36;5.425;5.265;5.41;1175215;6304625
FSS;13.71;13.71;13.29;13.41;94011;1261454
FT;7.06;7.1;7.055;7.1;18183;128737
FTI;33.63;33.8499;33.22;33.325;2429195;81319711
FTK;12.79;12.8799;12.5075;12.61;348750;4407524
FUL;51.24;51.325;50.43;50.75;194623;9874068
FUN;68.2;68.47;68;68.25;50835;3468452
G;24.34;24.46;23.975;24.02;944634;22776468
GAB;5.93;5.95;5.92;5.94;362621;2152263
GAM;33.59;33.6539;33.555;33.64;10466;351868
GATX;62.21;62.21;60.01;60.1;182937;11084448
GBL;28.54;28.7;28.12;28.15;25181;713711
GBX;47.6;47.65;44.95;45.1;679798;31138039
GCH;10.56;10.57;10.51;10.54;17924;188791
GCI;8.19;8.22;8.03;8.1;534588;4330312
GCO;52.5;53.1;51.95;51.95;189632;9945290
GCV;4.91;4.9222;4.9038;4.91;4200;20624
GD;188.43;188.7;186.13;186.34;922291;172507102
GE;29.88;29.9;29.65;29.77;25189376;749711377
GEF;55.15;55.15;53.59;53.88;138009;7447310
GEL;32.76;33;32.2;32.25;679459;22035743
GEO;47.79;47.96;47.07;47.3;307335;14541229
GER;8.16;8.16;8.0201;8.07;174800;1409390
GES;11.21;11.245;11.075;11.09;968187;10788718
GF;14.93;14.98;14.916;14.97;21186;316433
GFA;15.89;16.22;15.89;16.05;46975;753386
GFF;23.4;23.4;22.8;22.85;106405;2441820
GFI;3.81;3.83;3.71;3.83;6941279;26218107
GG;15.35;15.53;15.23;15.5;5840828;89991107
GGB;3.11;3.15;3.01;3.02;9630993;29504888
GGG;94.47;94.5905;92.9;93.08;322923;30149701
GGP;23.29;23.56;23.185;23.2;3529920;82433550
GGT;8.21;8.2223;8.09;8.13;118111;962427
GIB;46.96;47.23;46.87;46.99;103106;4848994
GIL;27.11;27.33;26.92;26.94;325060;8798357
GIM;6.73;6.73;6.66;6.66;167876;1122912
GIMO;34.05;34.175;33.6;33.85;441516;14941478
GIS;57.25;57.82;57.24;57.58;2770096;159448007
GLOG;15.1;15.2;14.45;14.6;419253;6152499
GLP;20.05;20.2;19.65;19.8;21593;429185
GLT;21.76;21.76;20.295;20.38;148661;3066114
GLW;27.02;27.07;26.39;26.48;5010070;132893705
GM;34.03;34.29;33.72;33.94;11967084;406319742
GME;22.18;22.18;21.87;22.07;1750834;38554120
GNC;7.44;7.44;7.21;7.27;2311049;16920276
GNK;13.99;14.16;12.87;12.87;120404;1605919
GNL;24.02;24.13;23.88;23.99;287657;6906276
GNRT;6.01;6.01;5.72;5.72;248672;1440258
GNW;4.18;4.225;4.11;4.14;7053585;29381538
GOL;32.34;32.35;31.16;31.52;141304;4472520
GPC;90.15;90.23;89.18;89.42;571053;51189251
GPI;68.56;68.73;67.65;68.12;206124;14055033
GPK;12.85;12.86;12.68;12.75;1665839;21233397
GPN;77.76;77.97;76.47;77.51;588965;45692172
GPS;24.52;24.59;24.26;24.29;2339819;57065719
GPT;27.57;27.73;27.43;27.72;851516;23537599
GPX;25.5;25.6;24.6501;25.15;15293;384854
GRA;68.36;68.75;67.69;67.9;413162;28065870
GRR;11.3733;11.4729;11.3733;11.4729;300;3432
GS;227.65;228.25;225.23;225.75;2548956;576934303
GSH;31.1;31.11;31.04;31.06;3183;98977
GSK;41.81;41.94;41.72;41.86;1409032;58938423
GSL;1.47;1.47;1.4;1.4056;79201;112169
GTN;14.45;14.7;14.35;14.5;436014;6324403
GTY;26.45;26.5;26.31;26.43;74632;1970861
GUT;6.9;6.919;6.84;6.84;44035;302779
GVA;53.44;53.46;52.41;52.94;563529;29816886
GWR;67.57;67.67;65.49;65.55;386934;25583368
GWRE;58.92;59.3;58.57;58.66;187274;11005521
GWW;224.95;227.7;223.45;223.71;936571;210271263
GXP;29.36;29.68;29.24;29.66;1562501;46172146
HAE;40.89;40.9;40.31;40.48;216833;8788407
HAL;50;50.23;49.15;49.33;6881962;340967044
HBI;20.85;21.15;20.77;21.115;2516680;52896659
HCA;87.52;88.29;87.015;88.2;1269322;111434889
HCN;72.79;73.17;72.45;72.93;1229349;89452370
HCP;31.76;31.925;31.69;31.9;2148158;68378131
HD;147.42;147.57;146.367;146.54;3853501;565812692
HDB;76.91;77.34;76.565;77.15;466747;35989453
HE;33.79;33.885;33.59;33.82;320887;10846129
HEI;86.64;87.75;85.08;85.69;87482;7514120
HES;51;52.1;50.31;50.57;4968745;252805907
HFC;27.85;28.27;27.57;27.83;2982599;83313320
HGT;2.2;2.2;2.1;2.2;119884;257209
HHC;119.35;120.135;118.27;118.83;202646;24082883
HHS;1.35;1.36;1.3;1.31;28024;36903
HI;36.3;36.35;35.2;35.35;281715;9978535
HIG;48.01;48.07;47.58;47.82;2368960;113282327
HIO;5.15;5.18;5.14;5.18;626516;3234713
HIW;51.42;51.61;51.1;51.22;606642;31118751
HIX;7.37;7.37;7.32;7.33;248953;1827838
HK;7.75;7.97;7.51;7.55;1235884;9509830
HL;5.62;5.66;5.45;5.64;6164248;34330879
HLF;59;59.05;58.48;58.58;411962;24210581
HLS;43.81;43.89;43.38;43.78;812773;35506075
HLT;57.62;57.6301;57.16;57.42;1595540;91584118
HLX;7.83;7.94;7.43;7.49;1975915;15093374
HMC;28.67;28.67;28.53;28.57;699461;20000618
HMLP;19.75;19.95;19.6;19.9;30813;611121
HMN;38.05;38.175;37.75;37.9;119501;4537946
HMY;2.78;2.78;2.69;2.75;3683689;10068907
HNI;47.25;47.25;46;46.16;106922;4948927
HNP;27.77;27.8;27.55;27.59;64197;1775755
HNR;7.29;7.29;6.9201;6.97;113693;808908
HOG;62.59;62.59;60.84;61.05;2327443;142556068
HON;124.66;124.76;122.97;123.15;2319616;286066417
HOS;4.02;4.08;3.71;3.79;760593;2912922
HOV;2.19;2.21;2.16;2.18;507730;1106956
HP;69.26;69.97;68.47;68.71;1193161;82228929
HPE;18.33;18.34;17.94;18.05;12477610;225243281
HPF;21.35;21.39;21.22;21.26;34887;743513
HPI;21.57;21.63;21.5301;21.57;38328;827488
HPQ;18.37;18.37;17.85;18.02;18017560;324633286
HQH;24.4;24.48;24.33;24.36;64360;1570339
HQL;19.46;19.54;19.4;19.54;66385;1293499
HR;33.46;33.73;33.43;33.49;385686;12940968
HRB;23.56;23.68;23.34;23.63;2891746;68119604
HRC;71.03;71.03;70.1;70.41;199353;14031471
HRL;34.15;34.39;33.97;34.25;3109679;106453461
HRS;110.55;111.36;109.9268;110.29;322012;35539633
HRTG;11.88;12;11.53;11.58;220440;2566246
HSBC;41.1;41.13;40.885;40.975;1149155;47116231
HSC;12.75;12.8;12.05;12.15;293856;3622846
HSY;108.44;109.1;108.02;109.05;484743;52719058
HTGC;15.2;15.22;15.09;15.11;231821;3510916
HTZ;15.97;16.01;15.23;15.77;2893873;45340744
HUM;213;214.4;212.57;212.99;855881;182615370
HUN;24.46;24.49;23.66;23.71;2509933;59845440
HVT;23.9;23.9;23.3;23.75;34133;809412
HW;23.67;23.72;23.61;23.62;347480;8225885
HXL;54.15;54.1918;53.15;53.26;325709;17380501
HY;55.63;56.12;54.97;55.62;64311;3580531
HYB;9.46;9.47;9.39;9.39;35175;332132
HYH;37.79;37.94;37.48;37.76;351378;13286350
HYI;15.46;15.51;15.43;15.45;86461;1338045
HZO;21.35;21.35;20.6;20.85;176638;3689494
IAG;4.39;4.55;4.335;4.55;9922293;44208412
IBA;54.68;54.97;54.33;54.68;29949;1636668
IBM;171.04;171.2;170.02;170.66;2414428;412112489
IBN;8.68;8.74;8.65;8.69;2933808;25496202
ICB;18.0064;18.05;17.99;18.0288;8101;146016
ICE;60.01;60.33;59.78;59.83;2101361;126040717
ICL;4.3;4.32;4.28;4.32;66111;284493
IDA;83.88;84.94;83.34;84.84;174702;14772135
IDT;14.28;14.31;13.74;14.11;187312;2632207
IEX;94.13;94.13;92.21;92.33;140665;13039469
IFF;133.18;133.18;132.08;132.56;360554;47795377
IFN;25.98;25.98;25.86;25.94;68039;1762879
IGD;7.31;7.3223;7.28;7.28;479418;3504516
IGI;20.55;20.6982;20.31;20.54;28006;574649
IGR;7.7;7.72;7.65;7.7;250869;1927096
IHG;49.25;49.27;48.89;49.1;55031;2699580
IIF;32.88;32.98;32.75;32.86;29456;967940
IIM;14.84;14.9;14.83;14.89;71848;1067988
INB;9.23;9.25;9.21;9.21;45346;418566
ING;14.76;14.8329;14.7;14.79;4206129;62151514
INGR;120.98;120.98;119.56;120.58;354341;42656939
INSI;19.1;19.1818;19.1;19.17;13035;249742
INSW;19.13;19.13;18.77;18.8;63762;1207528
INT;36.12;36.42;35.89;35.97;314356;11336529
INVN;12.53;12.6;12.52;12.57;740826;9308211
INXN;39.65;40.02;39.59;39.97;364566;14538098
IO;4.6;4.649;4.5;4.55;11311;51787
IP;50.16;50.32;49.6;50.03;2019127;100911565
IPG;24.4;24.68;24.23;24.5;5068078;124417491
IPI;1.85;1.95;1.81;1.9;1698114;3227204
IQI;12.48;12.53;12.46;12.47;108953;1361806
IR;83.58;83.58;82.03;82.29;1994165;164794991
IRL;13.03;13.12;13.03;13.12;15989;209006
IRM;35.5;35.59;35.23;35.34;905801;32037802
IRR;6.56;6.59;6.54;6.57;63431;416505
IRS;25.46;25.9;25.42;25.52;27087;693891
IT;109.79;109.79;108.81;109.23;659618;72015804
ITG;19.26;19.35;19.16;19.33;175214;3381304
ITGR;40.2;40.35;38.9;39.7;121096;4782850
ITT;40.22;40.22;38.98;39.08;310733;12220832
ITUB;12.04;12.07;11.9;12.03;8411605;100865640
ITW;132.79;132.79;130.795;130.87;1193657;156813331
IVC;10.65;10.9;10.5;10.7;153637;1642815
IVR;15.83;15.83;15.7;15.76;367728;5796964
IX;75.69;75.69;75.09;75.38;34840;2623342
JBL;28.84;28.86;28.43;28.61;1590710;45510802
JBT;89.6;89.6;85.9;86.35;159127;13813947
JCI;41.19;41.26;40.68;40.9;3154602;128898726
JCP;6.09;6.17;6.015;6.02;8294844;50453319
JE;6.25;6.32;6.25;6.29;111517;701919
JEC;54.59;54.59;52.82;53.11;776620;41357147
JEQ;7.99;8.0579;7.99;8.03;11545;92693
JFC;18.37;18.49;18.36;18.43;46255;852969
JHI;17.16;17.25;17.14;17.19;9824;168956
JHS;14.21;14.29;14.21;14.26;11704;166861
JHX;15.91;16;15.91;16;7293;116458
JKS;17.26;17.39;16.93;17.03;597987;10318575
JLL;105.72;105.94;104.65;105.23;252933;26587453
JMEI;3.47;3.5001;3.45;3.49;292907;1019105
JNJ;124.54;125.46;124.36;125.4;4764636;595524195
JNPR;27.83;27.83;27.495;27.63;2637250;72924749
JNS;13.08;13.28;13.05;13.22;1321658;17384470
JOE;17.2;17.2;16.8;16.9;171117;2894942
JOF;10.71;10.74;10.6507;10.73;8498;91007
JP;8.97;8.98;8.92;8.98;1840;16475
JPC;9.91;9.97;9.91;9.93;325883;3241141
JPI;24.3;24.3494;24.2698;24.27;38656;939552
JPM;85.93;85.95;85.03;85.4;13453198;1150026524
JPS;9.67;9.7;9.65;9.67;356456;3448000
JPT;25.15;25.49;25.1385;25.1601;7927;199953
JWN;46.41;46.72;45.79;46.43;3066326;142440554
K;72.07;72.59;71.97;72.33;2260018;163363812
KAI;59.35;59.35;57.95;58.25;17902;1042836
KB;41.47;41.51;41.1;41.27;107769;4446878
KBH;20.05;20.19;19.87;20.04;2212290;44300117
KBR;15.19;15.24;14.775;14.81;2403542;35912073
KCG;17.34;17.34;16.755;16.92;739981;12581152
KEF;8.52;8.56;8.429;8.52;63619;541714
KEG;25.1;25.1;24.51;24.57;55884;1386069
KEM;11.15;11.23;10.9197;10.98;610799;6718018
KEP;19.42;19.4294;19.015;19.21;1405532;26936200
KEX;70.4;70.45;68.3;68.35;267792;18421857
KEY;17.31;17.355;17.06;17.17;8480887;145902776
KEYS;35.98;35.98;35.34;35.38;750534;26710100
KF;36.45;36.48;36.36;36.38;13208;480970
KFS;5.55;5.6;5.55;5.6;5671;31677
KFY;31.22;31.22;30.47;30.48;219211;6726900
KGC;3.7;3.85;3.69;3.85;13953486;52916895
KIM;22.25;22.46;22.11;22.34;2757146;61614427
KKR;17.8;17.875;17.54;17.57;1752650;30961355
KMB;132.8;133.39;132.255;133.1;1257607;167321628
KMG;44.54;44.61;42.67;43.45;31915;1387148
KMI;21.64;21.73;21.49;21.66;9099508;196662029
KMM;8.7;8.731;8.66;8.71;33686;293058
KMT;39.5;39.5;37.29;37.33;919103;34777364
KMX;57.17;57.24;56.1;56.24;1387131;78342586
KNOP;22.95;23;22.65;22.75;21075;479269
KO;42.54;42.99;42.51;42.94;11295799;484649437
KOF;73.7;74.02;72.51;73.45;48162;3530244
KOP;43.05;43.05;41;41.05;72669;3036669
KORS;37.88;37.95;37.565;37.78;923730;34871380
KR;29.52;29.95;29.49;29.86;5762791;171812880
KRC;74.96;75.23;74.49;74.69;379695;28392023
KSM;12.59;12.5986;12.53;12.53;10752;135123
KSS;40.21;40.5;39.66;40.16;2168956;87214280
KST;12.24;12.24;12.13;12.22;41758;509317
KSU;88.28;88.38;87.26;87.51;783973;68778804
KTF;13.5;13.54;13.39;13.44;77587;1043478
KTH;32.37;32.37;31.9;31.9;400;12844
KTN;33.17;33.17;33;33.021;1900;62854
KW;22.15;22.3;21.95;22.05;140738;3105675
KWR;138.09;138.42;136.36;137.36;25830;3547728
KYN;20.93;20.93;20.5;20.77;389878;8065462
KYO;54.5;54.57;54.26;54.48;14630;796367
LAD;83.3;83.5299;82.2613;82.71;139940;11594356
LAZ;45.95;45.95;44.75;44.9;762709;34393196
LB;47.42;47.946;47.17;47.81;2319570;110421251
LBF;8.5684;8.59;8.51;8.54;11808;100887
LC;5.64;5.65;5.5;5.52;6363930;35404233
LCI;26.85;26.95;26.1;26.2;574204;15188388
LCII;94.65;94.675;92.6;93.75;161162;15070385
LDF;10.76;10.78;10.73;10.73;26403;283741
LDL;51.1;51.1;49.275;49.4;29789;1482829
LDR;50.15;50.175;48.3;48.95;18244;892340
LEA;134.71;134.83;132.25;132.83;461673;61442230
LEE;2.6;2.675;2.6;2.6;40637;107038
LEG;51.62;51.72;50.82;51.1;909985;46486834
LEJU;3.12;3.15;3.09;3.12;46168;143622
LEN;51.61;51.9;51.15;51.3;1624809;83577513
LEO;8.74;8.74;8.7101;8.74;34819;303885
LFC;14.83;14.86;14.71;14.77;360844;5323519
LFL;13.3;13.49;13.24;13.4;574738;7703301
LH;143.45;143.64;142.35;142.57;414389;59147343
LHO;28.86;28.86;28.35;28.68;947575;27145237
LII;167.19;167.65;164.853;165.47;153371;25421609
LL;22.19;22.28;21.7347;21.96;829280;18191344
LLL;167.12;167.2;165.84;166.45;247758;41234498
LLY;85.74;86.34;85.67;86.25;2243620;193155064
LM;36.69;37.14;36.46;36.93;713128;26316187
LMT;269.89;270.475;268.04;268.51;603954;162302892
LNC;65.3;65.47;63.6;63.97;1356089;86951381
LND;3.89;3.9199;3.89;3.9025;700;2739
LNN;86.88;87.48;85.19;86.01;90786;7805496
LNT;39.59;39.93;39.53;39.9;830985;33067453
LOW;81.85;82.17;81.29;81.87;3332425;272665481
LPG;9.92;10.04;9.655;9.7;179765;1757246
LPI;14.81;15.11;14.45;14.49;3560540;52535219
LPL;13.32;13.35;13.23;13.32;262812;3493941
LPX;25.73;26.03;25.68;25.72;1688432;43600562
LQ;13.85;13.85;13.64;13.69;539328;7397798
LTC;49.34;49.5;48.89;49.08;108230;5312402
LUB;3.23;3.244;3.14;3.16;29123;92952
LUK;26.15;26.16;25.805;25.93;1073989;27846327
LUV;55.71;56.57;55.48;55.51;6345387;355139886
LUX;54.73;54.94;54.57;54.75;88853;4869935
LVLT;58.9;59.59;58.9;59.56;2317403;137681298
LVS;56.26;56.7325;56.12;56.51;2332829;131720323
LXP;10.42;10.555;10.37;10.45;1642494;17218846
LXU;8.24;8.32;8.21;8.25;297827;2459487
LYG;3.2;3.2;3.19;3.2;2862850;9142031
LYV;31.12;31.25;30.87;30.92;710561;22022425
LZB;27.5;27.6;27.025;27.05;140547;3818704
M;29.65;29.78;29.1;29.17;4514125;132382009
MA;111.65;112.3;111.35;111.47;2263354;252787736
MAA;102.69;103.485;101.63;101.83;985536;101106054
MAC;65.33;65.98;65.08;65.35;722859;47389760
MAIN;38.69;39;38.63;38.72;250103;9701402
MAN;100.26;100.31;98.09;98.49;462937;45645603
MANU;16.95;16.95;16.75;16.8;16987;285831
MAS;33.84;33.92;33.3;33.31;2879658;96473876
MATX;31.75;31.75;31.25;31.28;178146;5597513
MAV;11.32;11.38;11.29;11.38;92057;1043033
MBI;9.03;9.17;8.95;8.98;937292;8451510
MBLY;61.71;61.9;61.71;61.76;2734709;168951600
MBT;10.81;10.81;10.37;10.52;4501472;47248667
MCA;14.89;14.89;14.8501;14.88;22633;336652
MCC;7.78;7.8;7.71;7.74;342857;2659334
MCD;131.31;131.56;130.87;131.26;2529550;331911273
MCI;15.34;15.34;15.26;15.27;23103;353210
MCK;144.62;145.24;143.35;143.89;1019646;146590255
MCO;112.64;113.34;111.94;112.98;593426;67046200
MCR;8.66;8.7;8.66;8.66;140178;1217726
MCS;30.9;30.9;30.155;30.55;34185;1042670
MCY;59.43;59.85;58.95;59.23;79178;4687517
MDC;29.99;30.1;29.71;29.87;165327;4937832
MDP;64.15;65.15;62.85;63;528411;33479789
MDR;6.77;6.78;6.52;6.56;1549818;10266887
MDT;79.77;80.16;79.65;80.1;3239446;259181928
MDU;27.6;27.64;27.33;27.46;451901;12410513
MED;43.76;43.95;43.36;43.57;39333;1715587
MEN;11.71;11.75;11.7001;11.75;21971;257579
MET;52.49;52.62;51.72;51.97;4067337;211603932
MFA;8.14;8.15;8.09;8.11;960854;7798906
MFCB;1.61;1.62;1.56;1.58;22085;34834
MFG;3.54;3.55;3.52;3.54;160724;568611
MFL;14.44;14.51;14.44;14.51;33240;481092
MFM;7.1;7.13;7.04;7.05;82185;581643
MFT;13.95;14.07;13.93;13.99;24835;348053
MFV;5.8659;5.91;5.854;5.89;53183;312856
MGA;40.07;40.395;39.93;39.99;1737144;69767074
MGF;4.97;4.99;4.9599;4.97;33146;164741
MGM;27.69;27.84;27.49;27.57;2901678;80118152
MHF;7.42;7.42;7.38;7.38;14985;110849
MHK;232.05;233.86;228.93;230.46;311907;71840108
MHN;13.68;13.75;13.68;13.75;33843;464486
MHO;24.35;24.45;24.16;24.36;153793;3739241
MIN;4.34;4.36;4.34;4.345;227895;991447
MITT;18.51;18.51;18.25;18.31;58684;1076310
MIY;13.79;13.84;13.767;13.79;31314;432217
MJN;88.69;88.85;88.65;88.69;2432934;215866794
MKC;99.7;100.565;99.33;99.84;910431;90987617
MKL;965.21;971.3;958.6;966.68;22508;21697910
MLI;33.83;33.83;32.7;32.78;120875;3975582
MLM;218.8;218.8;211.75;212.79;655709;139954509
MLR;23.95;23.95;23.55;23.7;18681;442127
MMC;73.05;73.24;72.41;72.71;1739031;126467070
MMI;24.93;25.5;24.83;25.2;99117;2499602
MMM;190.31;190.49;189.4;189.7;1159595;220024907
MMP;77.15;77.43;76.75;77.31;249258;19223767
MMS;58.65;59.21;57.7;58.32;308887;18041622
MMT;6.16;6.18;6.13;6.13;304165;1874523
MMU;13.91;13.94;13.9;13.92;40670;566125
MNI;10.86;10.86;10.16;10.22;7435;77521
MNK;43.57;44.4899;43.25;44.3;1362773;60157658
MNP;15.67;15.73;15.48;15.48;38215;596820
MO;72.25;72.3;71.9107;72.16;4022412;290028622
MOD;10.9;11;10.5;10.55;383120;4099286
MON;116.45;116.59;116.1;116.27;1576346;183391164
MOS;28.56;28.66;28.11;28.15;3254284;92013952
MOV;23.6;23.6;23.1;23.3;195198;4552516
MPA;14.28;14.36;14.28;14.31;14387;206046
MPC;50.58;50.94;49.83;49.94;2434005;122116910
MPV;14.17;14.266;14.17;14.2;10397;147653
MPW;13.87;14.04;13.84;13.96;2933245;40943827
MQT;12.93;12.96;12.93;12.93;8556;110744
MQY;15.05;15.09;15.04;15.04;47259;711610
MRK;62.37;63.21;62.28;63.05;7818911;491750069
MRO;16.64;16.9;16.29;16.41;15702706;260056566
MS;41.5;41.52;41.005;41.07;9790257;403667363
MSA;69.32;69.32;67.98;68.08;74106;5063669
MSB;15.15;15.15;13.7;14.4;84147;1214417
MSCI;97.3;97.86;96.32;97.31;316935;30827029
MSD;9.56;9.59;9.52;9.56;93759;896925
MSF;14.91;14.97;14.89;14.95;12035;179558
MSI;83.4;83.47;82.49;82.84;556877;46126639
MSM;93.1;93.37;90.86;91.23;731028;66962064
MT;7.71;7.769;7.455;7.49;21463003;162639421
MTB;150.64;151.55;148.84;149.82;650981;97571483
MTD;481.69;481.69;475.92;477.02;139871;66854678
MTDR;24.05;24.29;23.25;23.31;1054533;24786959
MTG;10.72;10.9;10.63;10.85;4142359;44811377
MTH;38.05;38.15;37.6;37.8;196992;7464578
MTL;5.58;5.58;5.39;5.47;153353;838606
MTN;189.94;190.245;188.29;188.58;138966;26234934
MTOR;17;17;16.49;16.53;844342;14061849
MTR;13.7;13.8;13.65;13.75;5498;75528
MTU;6.06;6.1;6.025;6.05;1531031;9282417
MTW;6.16;6.16;5.83;5.85;1508939;8930942
MTX;77.05;77.05;74.85;74.9;72193;5427571
MTZ;41.15;41.15;39.5;39.65;629361;25086737
MUA;14.51;14.63;14.47;14.63;35943;521998
MUC;14.28;14.35;14.27;14.34;73663;1054253
MUE;13.54;13.61;13.52;13.52;90642;1230259
MUH;15.74;15.8499;15.74;15.79;14933;235578
MUJ;14.38;14.42;14.37;14.39;25377;365226
MUR;28.43;29.09;27.96;28.1;2415828;68455457
MUS;13.41;13.44;13.37;13.37;25627;343396
MUX;3.25;3.29;3.16;3.29;3162715;10251769
MVT;15.46;15.52;15.46;15.52;44748;693518
MWA;11.96;11.99;11.76;11.8;1317336;15600398
MX;8.7;8.725;8.6;8.65;183911;1592106
MXE;11.2917;11.2952;11.2399;11.24;3661;41194
MXF;16.58;16.6757;16.53;16.59;46391;769959
MXL;27.4;27.975;27.02;27.08;292234;7950652
MYC;14.95;15.03;14.95;14.97;49178;736893
MYD;14.75;14.75;14.71;14.72;39412;580619
MYE;17;17;16.45;16.5;51364;855690
MYF;15.57;15.64;15.57;15.62;23126;360841
MYI;14.04;14.12;14.04;14.12;49063;690994
MYJ;15.52;15.59;15.5;15.5899;16522;256999
MYN;13.05;13.09;13.05;13.05;57335;749066
NAC;14.55;14.65;14.53;14.59;208761;3046253
NAD;13.77;13.86;13.75;13.83;495849;6851534
NADL;3.34;3.89;2.53;2.65;15332987;50987808
NAN;13.76;13.8;13.76;13.78;34814;479846
NAO;0.9532;0.96;0.92;0.9306;647611;610051
NAP;11.72;11.75;11.5884;11.63;19730;230197
NAT;8.53;8.63;8.48;8.51;643420;5489476
NAV;25.69;25.82;24.49;24.54;576589;14366355
NAZ;14.09;14.09;13.98;14;19792;277734
NBL;35.19;35.74;35.03;35.24;3355673;118366198
NBR;14.08;14.28;13.42;13.56;7866631;108075458
NC;78.2;78.5;77.05;77.8;4820;374291
NCA;10.21;10.21;10.16;10.2;41994;427824
NCI;22.73;22.77;22.43;22.53;93159;2106605
NCR;44.69;44.71;43.51;43.61;1011102;44364871
NCS;16.6;16.6;16.1;16.35;192638;3130694
NCZ;6.13;6.1468;5.96;6.06;429042;2597583
NE;6.13;6.21;5.86;5.89;9097915;54454330
NEE;128.61;130.54;128.5001;130.51;1036075;134715358
NEM;35.15;35.42;34.4754;35.08;4349320;151906352
NEP;33;33.42;32.8;32.8;108576;3582667
NEU;453.07;453.07;445.89;448.26;7563;3390002
NEV;14.23;14.27;14.2099;14.24;59609;848873
NEWM;13.98;14;13.785;13.82;214690;2974967
NFG;54.35;54.49;53.66;54.05;752628;40650486
NFX;36.94;37.43;36.005;36.2;1798223;65578295
NGG;64.88;65.22;64.69;65.11;508661;33046844
NHF;22.76;22.84;22.66;22.77;69614;1584940
NHI;74.69;75.09;74.03;74.33;116486;8663479
NI;23.85;23.97;23.7;23.94;1674230;39990278
NIM;10.12;10.12;10.03;10.06;18165;182579
NJR;40.25;40.7;40.2;40.35;479373;19362677
NKE;54.66;55.62;54.5;55.57;7099145;392915763
NL;7.45;7.5;7.15;7.25;34811;254162
NLS;17.15;17.2;16.9;17.05;239115;4084245
NLY;11.47;11.56;11.47;11.53;6793756;78271610
NLY-A;25.6;25.6017;25.5;25.6017;5210;133022
NM;1.94;1.96;1.8615;1.88;757893;1441554
NMBL;12.49;12.5;12.48;12.49;914754;11424455
NMI;12.75;12.77;12.67;12.76;8209;104679
NMM;2.15;2.15;2.01;2.07;644591;1340127
NMR;5.98;5.98;5.92;5.96;89281;530863
NMT;13.78;13.84;13.49;13.81;24747;340365
NMY;12.83;12.88;12.81;12.87;39604;508759
NNA;1.75;1.75;1.69;1.69;166315;285886
NNC;13.05;13.11;13.05;13.1;18090;236612
NNI;44.33;44.66;43.07;43.46;42322;1839713
NNN;44.93;45.28;44.62;44.76;1144226;51356149
NNY;9.88;9.9406;9.88;9.92;4941;48954
NOA;5.3;5.3;5.051;5.2;74659;386383
NOC;240.95;240.95;239.04;239.36;421113;100937096
NOK;5.29;5.31;5.25;5.28;9731762;51413302
NOV;38.84;38.97;37.63;37.78;5394012;205002010
NPK;103.3;103.45;98.8;98.9;86244;8592842
NPO;68.63;69.02;66.45;67.07;100526;6745558
NPV;13.17;13.22;13.09;13.14;26871;353544
NQ;3.7;3.84;3.68;3.82;577464;2174026
NQP;13.27;13.35;13.24;13.34;68284;908956
NR;8.2;8.25;7.95;8.1;738273;5964375
NRE;11.43;11.49;11.29;11.35;168554;1915130
NRG;18.66;18.8;18.445;18.73;3697206;68940192
NRP;36.4;37.3;36.225;36.3;37047;1355802
NRT;7.3556;7.6;7.3;7.3;15534;115564
NRZ;17.26;17.38;17.18;17.28;2511133;43400218
NS;47.27;48.46;47.12;47.84;4878853;233420872
NSC;115.45;115.45;111.54;111.79;1472708;165924475
NSH;27.45;28.2;27.35;27.85;163678;4572704
NSL;6.87;6.88;6.85;6.85;93302;641222
NSM;16.44;16.67;16.27;16.4;352131;5794898
NSR;33.25;33.3;33.25;33.25;396551;13194438
NSS;25.51;25.97;25.39;25.95;14353;368648
NTC;12.3564;12.42;12.34;12.42;13441;166597
NTG;20.58;20.6;20.421;20.52;59674;1224956
NTL;27;27.16;27;27;2640;71530
NTP;7.45;7.45;7.3;7.4;31477;232727
NTX;14.44;14.44;14.34;14.4;11445;164627
NTZ;3;3;2.9;2.95;11404;33648
NUE;59.99;59.99;57.78;57.88;2553023;148937095
NUM;13.43;13.49;13.43;13.47;25067;337646
NUO;14.98;14.98;14.95;14.9699;17470;261349
NUS;53.8;54.13;53.56;54.13;357695;19301349
NUV;9.85;9.89;9.83;9.86;236455;2332192
NVO;36.18;36.27;35.98;36.155;1254841;45333065
NVS;74.04;74.19;73.765;74.01;1196957;88553496
NWL;46.22;46.44;45.985;46.17;2161282;99784033
NWN;60;60.3;59.6;60.1;50910;3056248
NX;19.55;19.55;19;19.2;117077;2245656
NXC;15.17;15.17;14.98;15.02;9977;149978
NXN;13.83;13.92;13.83;13.857;522;7238
NXP;14.21;14.21;14.17;14.17;38082;540513
NXQ;13.57;13.62;13.55;13.6;31976;434318
NXR;14.29;14.37;14.29;14.35;27111;388369
NYCB;13.79;13.8;13.64;13.72;5411327;74256813
NYLD;17.75;18.05;17.625;17.85;345048;6153361
NYT;14.6;14.7;14.35;14.5;556185;8052462
O;61.02;61.59;61;61.38;885757;54335953
OA;97.54;98.07;95.95;96.49;266935;25771368
OAK;46.65;46.7;45.8688;46.05;198908;9186764
OAS;14.32;14.35;13.28;13.36;12532367;171565219
OC;61.12;61.27;60.32;60.67;554425;33616085
OCN;5.44;5.53;5.375;5.45;1006908;5483176
ODC;38.03;38.05;37.3;37.32;3772;142326
OFC;34.43;34.56;34.24;34.35;370159;12718454
OFG;11.55;11.6;10.9;11.05;250300;2779783
OGE;34.89;34.89;34.68;34.75;509597;17718313
OHI;34.09;34.3;34.03;34.11;1329345;45385776
OI;20.38;20.38;19.89;20.07;798191;16022836
OIA;7.77;7.783;7.7401;7.77;36321;282062
OII;27.53;28.21;27.45;27.87;1462676;40718480
OIS;33.4;33.75;32.95;33.2;569584;18934228
OKE;55.72;55.82;55.1;55.33;1350809;74764798
OLN;30.83;31.23;30.17;30.78;5712680;176957608
OMC;84.31;85.24;84.19;84.67;1545866;130943654
OME;19.45;19.6;19.0175;19.35;73749;1421249
OMI;34.64;34.64;34.08;34.2;342719;11730723
OMN;9.65;9.8;9.15;9.3;130035;1210789
ONDK;4.57;4.65;4.56;4.61;211916;975681
OR;11.35;11.5;11.24;11.5;575169;6544739
ORA;58.65;59.26;57.84;58.12;166371;9698796
ORAN;15.23;15.32;15.2;15.29;314439;4798245
ORC;10.26;10.28;10.11;10.25;444196;4540199
ORCL;44.33;44.41;44.03;44.18;7623863;336509300
ORI;20.23;20.24;19.99;20.02;602671;12084383
ORN;7.8;7.8;7.5377;7.58;82556;628342
OSB;31.05;31.2907;30.56;30.76;9500;293356
OSG;3.66;3.76;3.56;3.56;559043;2029567
OSK;70.59;70.59;68.17;68.42;320130;21968266
OXM;55.49;55.56;55.02;55.16;98117;5417177
OXY;64.94;65.73;64.755;65.06;5826203;379343198
P;11.17;11.17;11.01;11.02;3481991;38585950
PAA;30.74;31.04;30.55;30.95;2151761;66436207
PAC;101;101;97.79;99.23;48653;4816446
PACD;1.81;1.9199;1.75;1.79;207787;376913
PAG;45.34;45.58;44.77;44.83;290080;13063076
PAH;13.24;13.32;12.97;13;1409407;18502957
PAI;14.52;14.54;14.47;14.52;7279;105599
PANW;113;114.2;112.51;113.38;1203044;136513809
PAY;17.93;17.98;17.69;17.71;903794;16079256
PBI;13.11;13.16;12.9;12.915;1428565;18551633
PBR;9.75;9.76;9.595;9.66;20831429;201365381
PBRA;9.38;9.38;9.24;9.32;6141592;57212468
PBT;9.97;10;9.754;9.8;85754;847798
PCF;8.74;8.74;8.64;8.64;102830;890654
PCG;66.76;67.55;66.67;67.52;1447274;97476953
PCK;10.04;10.1;10.01;10.03;26026;261226
PCQ;16.72;16.72;16.54;16.5835;8021;133369
PDS;4.99;5.09;4.87;4.9;2581114;12766515
PDT;15.95;16.09;15.93;16.06;72184;1154175
PEG;45.19;45.65;44.98;45.61;3211460;145726401
PEI;14.79;15.14;14.78;14.87;843521;12570686
PEO;19.78;19.85;19.73;19.8;80166;1585766
PEP;112.05;113.765;111.9;113.61;5657766;640786965
PER;3.2;3.25;3.15;3.225;240629;772627
PFD;15.1;15.14;15.06;15.07;12471;188142
PFE;33.88;33.99;33.71;33.92;21894856;740950029
PFG;62.9;62.96;61.67;61.93;618439;38371174
PFL;11.33;11.33;11.26;11.27;38607;435505
PFO;12.1;12.1;12.028;12.0375;12582;151608
PFS;25.34;25.38;24.87;24.99;72582;1816689
PG;89.7;90.421;89.56;90.31;4775651;430881366
PGH;1.15;1.17;1.1;1.12;983764;1112240
PGP;17.56;17.9;17.56;17.66;21230;375721
PGR;39.32;39.36;38.93;39.28;2293802;89821240
PH;161.14;161.57;155.21;155.42;1691955;265061812
PHG;31.57;31.74;31.52;31.62;2057320;65042982
PHH;13.09;13.4;12.93;12.94;205663;2683260
PHI;35.6;35.9;35.44;35.75;157353;5608150
PHK;8.61;8.6286;8.53;8.56;624158;5344815
PHM;23.76;23.89;23.57;23.77;3648990;86719703
PII;82.04;82.04;80.61;80.61;362656;29382813
PIM;4.73;4.77;4.73;4.73;232530;1106427
PIR;7.24;7.3;7.0101;7.25;4410866;31559575
PIY;25.15;25.34;25.11;25.15;7926;199843
PJH;25.87;25.87;25.759;25.84;11771;303711
PJT;33.19;33.36;32.76;33.03;81638;2693965
PKD;1.7;1.75;1.7;1.7;110787;190292
PKE;16.77;16.82;16.321;16.56;30217;498561
PKG;91.06;91.22;89.73;90.18;425158;38383072
PKI;57.54;57.63;56.98;57.14;336933;19270343
PKO;25.36;25.438;25.239;25.29;25000;632983
PKX;59.13;59.41;57.84;58.13;473389;27621711
PKY;20.57;20.84;20.37;20.74;445568;9166325
PLD;54.76;55.12;54.55;54.92;2892883;158874849
PLT;52.89;52.92;52.05;52.2;48620;2541192
PM;113.69;113.95;113.245;113.78;3203815;363978910
PMF;13.29;13.38;13.2606;13.37;84321;1124597
PML;12.88;12.9;12.84;12.87;108327;1393671
PMM;7.4;7.4;7.35;7.38;157098;1157498
PMO;12.3;12.33;12.23;12.23;147218;1805598
PMT;17.76;17.8;17.63;17.68;280627;4965434
PMX;11.39;11.42;11.37;11.42;29506;336162
PNC;116.99;117.7;115.87;116;2493788;290459805
PNF;12.84;12.87;12.84;12.87;8327;107029
PNI;11.71;11.74;11.67;11.71;29571;346092
PNM;37.7;38.2;37.5;38.1;379916;14446139
PNR;63.47;63.47;62.16;62.35;718527;44893126
PNW;84.79;85.5;84.35;85.37;727046;61868778
POL;33.88;34.11;33.59;33.93;801661;27156836
POT;16.81;16.83;16.635;16.715;3083261;51510503
PPG;105.5;105.5;104.521;105.06;960932;100876931
PPL;37.35;37.78;37.215;37.78;2683338;100947354
PPP;0.566;0.566;0.55;0.5647;378208;210993
PPR;5.39;5.41;5.38;5.39;271933;1465950
PPT;5.27;5.29;5.24;5.25;607392;3196096
PPX;26.12;26.45;26.05;26.45;10184;266637
PQ;2.85;2.88;2.71;2.75;137441;382366
PRA;60.05;60.2;59.3;59.7;164305;9817925
PRGO;68.85;68.85;67.17;68.05;1616654;109680594
PRI;82.7;82.7;81.05;81.6;232541;18980671
PRLB;51.05;51.05;50.05;50.1;152420;7681599
PRU;105.71;105.71;103.57;103.84;1422875;148170644
PSA;225.46;226.81;223.41;224.3;472576;106207242
PSB;120.2;121.26;119.72;119.95;54454;6542893
PSO;7.9;7.92;7.87;7.9;277396;2190930
PSX;78.13;78.26;77.26;77.38;1742106;135159534
PSXP;52.94;53.23;52.52;52.65;105346;5576398
PTR;72.56;72.85;72.34;72.69;69672;5057967
PTY;15.8;15.83;15.72;15.75;177873;2803037
PUK;41.84;41.88;41.57;41.67;218108;9098033
PVG;11.15;11.3001;10.97;11.22;1567883;17474546
PVH;101.27;101.85;100.82;101.21;846377;85721916
PWE;1.67;1.67;1.61;1.62;785337;1285070
PWR;35.55;35.56;34.42;34.83;1847265;64219193
PX;118.69;119.28;118.05;118.23;746826;88609750
PXD;189.98;191.03;186.1801;186.9;1192756;224422070
PYN;9.9;9.9;9.77;9.77;8917;87559
PZC;12.36;12.39;12.18;12.18;18806;230466
PZE;12.06;12.06;11.7;11.95;58010;689771
Q;78.99;79.25;78.44;78.67;666005;52422526
QCP;19.57;19.63;19.03;19.12;325750;6247441
QSR;56.36;56.56;56.05;56.39;505650;28488983
QTM;0.82;0.84;0.8194;0.8344;720984;598290
QTWO;35.9;36.4;35.75;36.2;151708;5481688
R;76.55;76.55;74.4;74.51;431021;32318110
RA;23.3;23.4;23.17;23.24;205665;4795749
RACE;71.83;71.94;71.56;71.66;348964;25027623
RAD;4.74;4.77;4.53;4.57;11543686;53652770
RAI;63.92;64.23;63.9;64.2;2599690;166514458
RAS;3.16;3.16;3.03;3.07;296565;914337
RBA;30.76;30.77;30.31;30.53;669501;20421013
RBS;5.82;5.82;5.77;5.79;863105;5002577
RCI;44.67;45.39;44.59;45.24;227195;10250446
RCL;95.35;95.87;93.95;94.72;1207508;114121659
RCS;9.82;9.82;9.71;9.74;134604;1315718
RDC;15.09;15.32;14.61;14.65;2403172;35738210
RDN;18.45;18.87;18.45;18.73;1633564;30570670
RDS-A;53.58;53.76;53.26;53.44;2257845;120754865
RDS-B;56.69;56.8628;56.31;56.5;890190;50339037
RDY;40.65;40.8;40.47;40.57;153397;6226494
RE;235.01;235.01;232.8101;233.35;104511;24393527
REG;67.24;67.57;66.98;67.35;594042;39982404
REN;44.95;45.48;43.075;43.32;422314;18589073
RENN;7.5;7.62;7.46;7.52;70395;528571
RES;19.58;19.72;19.09;19.18;1544564;29819497
REV;26.5;26.7;26.05;26.3;53063;1392482
RF;14.16;14.24;13.855;13.96;18196671;254415088
RFI;12.7;12.723;12.68;12.7;103939;1320590
RGA;125.85;125.85;124.11;124.69;183152;22846174
RGR;58.7;59.4;57.15;57.3;153268;8877437
RHI;45.95;45.95;44.61;44.84;1082322;48688581
RHT;85;85.77;84.945;85.42;918316;78460311
RIG;12.56;12.67;12.04;12.07;7470381;91730985
RIO;39.99;40.09;39.065;39.28;5167126;204051550
RJF;74.7;74.85;73.55;73.76;621642;45963784
RL;80.35;80.685;79.86;80.18;603275;48383703
RLI;58.44;58.585;57.61;57.87;74263;4298595
RMD;67.86;69.23;67.86;68.41;419214;28717361
RMP;24.69;24.875;24.27;24.58;111807;2743421
RNR;142.33;142.33;140.77;141.25;219721;31035244
ROG;84.66;84.83;82.47;82.89;81022;6746518
ROK;155.66;156.16;150.09;150.23;1663682;252151903
ROL;36.84;36.9;36.41;36.46;330752;12088186
ROP;205.8;206.735;204.88;205.47;303464;62367716
RPM;51.6;51.6654;51.19;51.44;800981;41189814
RPT;14.13;14.2;14.03;14.07;600373;8452227
RQI;12.86;12.92;12.84;12.88;323378;4162650
RRC;29.35;29.75;28.5;28.53;4484408;129804989
RRD;11.47;11.52;11.25;11.4;1007565;11496805
RS;78.6;79.16;77.12;77.24;364745;28343442
RSG;62.62;62.69;62.12;62.51;752391;46957620
RSO;9.6;9.65;9.5;9.53;166641;1592255
RSPP;41.97;42.19;40.665;40.72;1161923;47802702
RST;10.87;10.87;10.74;10.82;58551;634288
RT;2.57;2.64;2.495;2.6;387571;998390
RTEC;21.65;21.75;21.3;21.35;76222;1634612
RTN;152.03;152.55;151.19;151.35;895255;135736420
RVT;14.11;14.13;14.05;14.05;223095;3143275
RWT;16.93;16.93;16.7;16.8;158342;2659416
RY;72.64;72.74;72.0785;72.4;851673;61658744
RYAM;13.27;13.31;12.54;12.6;269017;3424722
RYN;28.64;28.75;28.41;28.46;364440;10395261
S;8.3;8.39;8.24;8.34;5371163;44687760
SA;11.5;11.75;11.35;11.75;657033;7602330
SAH;19.45;19.55;19.15;19.25;185807;3595980
SAM;141.2;141.7;137.8;139.5;124413;17332991
SAN;5.88;5.91;5.85;5.88;3096750;18217375
SAP;97.13;97.49;96.91;97.34;496101;48226319
SAR;21;21.5;20.98;21.43;10705;227684
SB;2.44;2.49;2.3201;2.34;556238;1322053
SBGL;9.82;9.91;9.61;9.89;1474126;14398585
SBH;20.13;20.22;20;20.06;1728585;34730840
SBR;37.85;37.8842;37.05;37.15;19966;745937
SBS;10.31;10.37;10.21;10.33;1428649;14703725
SBY;21.51;21.54;21.48;21.53;189787;4083803
SCCO;35.91;36.08;35.19;35.34;1059451;37553465
SCG;65.22;66.23;64.99;66.21;745340;49063157
SCHW;38.9;38.9;38.135;38.4;9998889;384762480
SCI;31.04;31.21;30.69;30.76;489248;15095671
SCL;78.85;78.85;76.89;77.31;25140;1945267
SCM;14.15;14.3;14.086;14.17;84023;1193553
SCS;16.85;16.85;16.4;16.4;623335;10312596
SCX;10.15;10.2;10.1;10.1;1510;15293
SDLP;3.12;3.12;2.9;2.94;582249;1745138
SDR;1.5;1.5;1.49;1.49;44101;65980
SDRL;0.84;0.84;0.75;0.7768;9637899;7524880
SDT;1.43;1.49;1.43;1.48;87582;127687
SEE;42.97;42.99;42.56;42.69;1082602;46226900
SEP;44.36;44.58;44.16;44.44;318347;14117543
SF;47.6;47.6;46.32;46.4;284164;13238512
SFE;12.25;12.5;12.2;12.35;46394;570920
SFL;14.3;14.3;14.05;14.05;628615;8903769
SGF;10.731;10.7599;10.73;10.74;4838;51971
SGU;9.08;9.13;9.02;9.03;53529;483975
SGY;21.36;22.34;20.9;21.76;279116;6072751
SHAK;33.45;33.54;32.7;32.77;341806;11270324
SHI;58.3;58.99;58.03;58.64;42714;2500928
SHOP;69;70.07;68.931;69.25;665648;46236702
SHW;312.35;313.7;311.53;312.96;377716;118104150
SID;2.59;2.59;2.44;2.45;2094021;5230690
SJI;37.43;37.69;37.18;37.64;226483;8495591
SJM;127.72;128.45;127.06;128.2;546512;69976729
SJR;21.21;21.69;21.18;21.69;1267698;27327231
SJT;7.57;7.59;7.45;7.51;51897;388761
SJW;49.86;49.91;49.05;49.84;37763;1875234
SKM;23.8;23.89;23.65;23.74;605320;14364563
SKT;32.93;33.13;32.82;32.92;1393970;45969198
SKX;25.35;25.47;25.04;25.16;1862743;46999631
SLB;79.73;80.89;79.245;79.57;5271464;421016370
SLCA;49.37;50.19;48.63;48.81;1852948;91005906
SLF;35.57;35.63;35.21;35.32;320587;11345249
SLG;109.11;109.49;108.57;108.91;338956;36939003
SLW;21.86;21.99;21.58;21.87;2440586;53175228
SM;23.64;24.19;23.0901;23.19;1861478;43726580
SMFG;7.02;7.03;6.98;7;507553;3556319
SMG;94.09;94.43;93.3;93.58;304769;28543722
SMP;47.62;47.82;47.16;47.42;53744;2551277
SN;9.59;9.7;9.03;9.08;2452468;22758631
SNA;165.12;165.74;162.09;162.63;612866;100074683
SNAP;20.7;20.83;20.18;20.22;8482436;173254726
SNE;31.57;31.63;31.3599;31.48;582626;18330253
SNN;31.86;31.94;31.79;31.86;405355;12917356
SNP;82.5;82.85;82.12;82.48;110577;9107642
SNR;10.46;10.62;10.45;10.51;503048;5293115
SNV;40.61;40.72;39.91;39.98;333357;13374385
SNX;106.82;109.18;103.24;104;401464;42219142
SNY;45.28;45.49;45.1353;45.39;671748;30435090
SO;49.11;49.77;49.01;49.65;6537595;323587132
SOL;2.65;2.72;2.52;2.57;51130;132617
SON;52.09;52.2;51.75;51.88;313124;16254453
SOR;37.41;37.5;37.41;37.48;14882;557197
SPA;21.39;21.46;20.46;20.86;80364;1660024
SPG;172.82;174.83;172.15;173.28;1638797;284563029
SPH;25.7;25.92;25.55;25.91;132703;3415543
SPN;14.68;14.77;14.15;14.23;3231689;46353732
SQ;16.88;17.51;16.78;17.3;10967194;189484078
SQM;36.82;36.825;36.06;36.5;939150;34229385
SQNS;3.1;3.23;3.02;3.22;516199;1622040
SR;68.65;69.45;68.55;69.15;129433;8932447
SRC;10.49;10.6;10.38;10.45;8456227;88509207
SRE;110.08;111.495;109.93;111.46;514153;57082392
SRG;42.93;43.66;42.9;43.26;204560;8851343
SRI;17.45;17.52;17.2;17.38;148002;2571007
SRT;8.55;8.78;8.55;8.66;23364;202282
SRV;14.33;14.33;14.12;14.17;18058;256812
SSD;41.79;41.79;41.09;41.26;125296;5174545
SSI;2.6;2.65;2.56;2.6;728206;1905365
SSL;30.26;30.52;29.965;30.15;868159;26266465
SSP;23.56;23.56;22.87;22.95;254069;5851180
SSW;6.95;7.05;6.75;6.77;772957;5320754
STAG;26.3;26.54;26.1701;26.26;560742;14765961
STC;44.07;44.48;43.72;44.45;77094;3413498
STE;70.5;70.54;69.4;69.72;287055;20015963
STI;54.77;54.99;53.89;53.99;2848126;154419145
STK;21.36;21.4156;21.09;21.09;72020;1530942
STL;23.15;23.25;22.7;22.85;737283;16867829
STM;14.98;15.03;14.67;14.75;3759960;55696298
STN;26.85;27.05;26.5;26.7;10674;285903
STNG;4.39;4.44;4.18;4.22;1911299;8223149
STO;17.3;17.42;17.2317;17.29;914850;15837720
STON;7.86;7.9;7.68;7.76;245451;1903871
STT;78;78.18;77.3;77.73;1699610;132301047
STV;1.29;1.29;1.27;1.27;16120;20525
STZ;169.88;170.46;169.27;169.96;999043;169715457
SU;31.07;31.32;30.96;31.16;1512527;47064128
SUI;82.63;83.115;82;82.34;216432;17848357
SUN;29.75;30.1;29.62;29.88;755848;22599610
SUP;23.7;23.75;23.3;23.4;106889;2513434
SVU;4;4.06;3.78;3.78;5544062;21324816
SWC;17.44;17.47;17.4;17.4;850051;14816483
SWK;132.73;133.05;131.97;132.26;911648;120757317
SWM;42.37;42.37;41.33;41.47;76999;3203352
SWN;8.06;8.27;7.8;7.87;14093899;112570065
SWX;84.81;84.93;84.23;84.82;212351;17965131
SWZ;11.56;11.57;11.53;11.54;76744;886101
SXC;9.43;9.43;8.86;8.91;560579;5058155
SXCP;15.8;15.9;15.4;15.75;227958;3574748
SXE;4.39;4.4;4.21;4.24;175219;749272
SXI;95.95;95.95;92.1;92.4;29791;2777802
SXL;24.08;24.08;23.625;23.865;2434397;58000482
SXT;80.53;80.61;79.68;80.05;86284;6910569
SYF;32.82;33.23;32.71;32.81;4215374;138721751
SYK;130.44;130.845;129.82;130.41;801386;104419672
SYT;91.85;91.92;91.6;91.76;3157816;289638366
SYX;12.14;12.28;11.88;12.07;25898;312274
SYY;51.79;52.3;51.6625;52.21;2179624;113578605
T;40.21;40.57;40.07;40.57;15867983;640965323
TAHO;8.66;8.765;8.54;8.72;2012073;17447142
TAL;102.02;102.63;100.48;102.16;532443;54128435
TAP;95.53;95.719;95.17;95.56;702804;67054114
TBI;25.9;26.25;25.75;25.85;246715;6404874
TCAP;18.64;18.7;18.53;18.6;123380;2295410
TCB;16.51;16.63;16.3;16.39;1245094;20462908
TCI;18;19.6;18;19.6;497;9414
TCO;65.84;66.45;65.64;65.82;192617;12692636
TCP;59.65;59.74;59.13;59.52;90158;5361563
TCS;4.17;4.17;3.97;4.05;181149;734150
TD;49.53;49.69;49.15;49.41;1533574;75793106
TDF;18.98;19.01;18.905;18.92;48335;915720
TDG;237.05;237.12;233.78;235.65;531978;125201457
TDI;26.02;26.02;25.9;25.9389;525;13617
TDW;0.91;0.94;0.87;0.9184;876421;798023
TDY;126.89;126.89;123.98;124.12;57200;7122844
TECK;23.29;23.52;22.1;22.34;6153176;138521251
TEF;10.92;10.99;10.9;10.97;730627;7996406
TEI;11.36;11.39;11.28;11.32;265445;3013542
TEL;73;73.153;72.21;72.44;834606;60512083
TEN;58.19;58.62;57.63;57.99;529584;30780777
TEO;22.42;22.55;22.12;22.25;180631;4029702
TER;31.75;31.792;31.23;31.35;1667648;52413917
TEVA;32;32.18;31.9;32.12;4081443;130707275
TEX;32.64;32.784;31.65;31.77;1217388;38923742
TFX;197.67;197.93;195.82;196.22;173755;34179038
TG;17.55;17.55;16.85;16.85;41991;715724
TGH;16.15;16.15;14.7499;14.8;328896;5000065
TGI;25.85;26.05;25.075;25.4;637280;16219935
TGP;17.65;17.95;17.05;17.35;313345;5429382
TGS;16.27;17;16.04;16.49;736745;12322671
TGT;53.36;53.53;53.19;53.4;4082534;217847854
THC;17.12;17.63;17.0401;17.62;2327466;40452707
THO;91.82;91.82;89.23;89.45;578661;51977610
TI;8.51;8.56;8.47;8.55;71704;612111
TIF;92.08;92.28;91.5;91.74;777208;71390674
TIME;18.95;19.35;18.2;18.35;5305003;98090550
TJX;77.21;77.21;76.61;77.07;3440922;264697049
TK;9.9;9.95;9.6;9.66;610386;5936719
TKC;8.22;8.24;8.13;8.19;223187;1824340
TKF;8.48;8.533;8.45;8.5308;45862;389356
TKR;44.25;44.25;42.9;43.2;733663;31754180
TLI;11.38;11.49;11.29;11.3;33761;382990
TLK;30.92;31.11;30.79;31.01;158569;4899820
TLRD;12.85;13;12.4;12.62;1752980;21996891
TM;105.99;105.99;105.3965;105.44;266898;28175197
TMK;76.23;76.23;75.06;75.39;230776;17414605
TMO;152.86;152.95;151.74;152.46;1046866;159435419
TNC;72.15;72.15;70.7;70.9;34346;2442443
TNH;94.62;95;93.65;94.04;12996;1222481
TNK;2.08;2.1;2.01;2.03;1048519;2140195
TNP;4.99;4.99;4.8;4.81;200965;980503
TOL;36.55;36.58;36.0089;36.085;1322406;47851179
TOO;5.49;5.52;5.325;5.45;606043;3286904
TOT;51.61;51.89;51.265;51.68;1641389;84693926
TPC;32.05;32.21;30.8;30.85;252579;7879918
TPL;287.84;301.95;287.84;290.48;20060;5960500
TPRE;11.8;11.8;11.6;11.7;379028;4429332
TPX;44.56;44.56;42.41;42.47;1314295;56380373
TR;38;38.05;37.65;37.95;33914;1285465
TRC;22.68;23.8;22.57;22.79;38037;879454
TREX;67.94;67.94;66.3;66.93;122377;8197474
TRI;42.67;43.02;42.615;42.97;865017;37114345
TRK;19.54;19.55;19.21;19.28;22586;436239
TRMR;2.03;2.08;1.87;2.05;66871;131081
TRN;27.21;27.21;26.125;26.29;1365407;36087256
TRP;47.77;48.05;47.59;47.81;496550;23733703
TRQ;3.03;3.04;2.95;2.95;4627558;13855647
TRR;17.45;17.55;17.45;17.55;249317;4362366
TRU;38.42;38.42;37.98;38.1;299902;11425606
TRV;121.07;121.63;120.52;121.46;1122440;136118955
TS;34.4;34.48;33;33.14;4103388;137945787
TSM;32.47;32.64;32.02;32.28;5589910;180249992
TSN;62.67;64.39;62.54;64.26;3501628;223559522
TSO;82.14;82.46;80.77;81.18;1346602;109647508
TSS;51.94;52.49;51.88;52.26;926927;48408042
TSU;16.03;16.21;15.93;16.2;736203;11867683
TTC;62.8;62.8;61.47;61.62;417606;25828658
TTF;8.68;8.7;8.66;8.69;10450;90664
TTI;4.27;4.31;4.11;4.14;1050080;4388902
TTM;35.85;35.85;35.19;35.4292;1363399;48293040
TU;33.39;33.72;33.33;33.63;329466;11066154
TUP;63.55;64.58;63.2242;64.47;619616;39815792
TV;26.37;26.5;25.65;26.05;798865;20736303
TWI;9.67;9.67;9.11;9.33;592324;5507811
TWLO;29.67;30.19;29.2;29.56;2712007;80592999
TWN;18.57;18.62;18.536;18.56;6849;127234
TWO;9.78;9.82;9.75;9.76;2062168;20176370
TWTR;14.34;14.78;14.26;14.42;12586118;183446274
TWX;98.93;98.97;98.44;98.73;1349908;133353937
TXT;47.87;47.87;47.33;47.46;1331914;63282906
TY;23.16;23.22;23.14;23.18;29997;695425
TYL;154.92;156.31;153.8;154.3;120263;18590583
UA;17.99;18.095;17.8;17.86;1843050;32981223
UAA;19.25;19.48;19.09;19.28;3753428;72189225
UAL;71.65;71.73;69.69;69.93;6970368;491635357
UAM;9.97;9.98;9.97;9.97;30280;302105
UAN;4.95;4.9608;4.69;4.73;260092;1264068
UBS;15.48;15.5;15.38;15.4;1837408;28362198
UFI;27.17;27.34;26.92;27.18;24624;667951
UGI;49.82;50.1;49.66;49.9;291785;14550296
UGP;22.39;22.46;22.12;22.37;482574;10765201
UHS;123.14;123.31;121.68;123.06;193060;23690266
UHT;68.35;68.55;68.14;68.41;40647;2778401
UIS;12.05;12.05;11.45;11.8;1988540;23388065
UL;50.46;50.85;50.435;50.81;1156763;58643319
UMC;1.95;1.96;1.93;1.95;1586314;3088156
UN;50.93;51.385;50.93;51.38;1424710;73005763
UNF;137;137.25;135.6;135.8;22707;3091099
UNH;166.32;166.42;164.6;165.56;2499028;413037349
UNM;46.19;46.26;45.1;45.21;1107774;50209792
UNP;108.08;108.13;105.48;105.57;2611419;277191072
UNT;24.2;24.32;23.08;23.17;549571;12972104
UPS;105.06;105.34;104.18;104.23;2556600;267441874
URI;125.56;126.06;120.816;121.13;1310350;159802191
USA;5.47;5.49;5.46;5.46;381639;2089210
USB;50.66;51.08;50.49;50.7;6946396;352652244
USG;31.61;31.61;30.95;31.02;873851;27213050
USNA;57.15;57.15;55.85;55.95;58646;3293057
UTF;22.04;22.1;22;22.01;246368;5430546
UTX;112.78;112.82;112.135;112.24;2203906;247751637
UVV;71.2;71.4;70.55;71.4;114927;8166716
V;88.7;89.21;88.56;88.68;5345218;475059734
VAC;99.63;100.54;98.65;100.07;170601;17047917
VAL;112.13;112.5;112.02;112.45;4489519;503916361
VALE;8.89;8.9;8.655;8.73;34189172;299332290
VAR;90.4;90.42;89.32;89.44;655682;58758939
VBF;18.91;19.01;18.91;18.97;21337;404948
VCV;12.5;12.5;12.45;12.5;54402;678591
VEDL;15.99;16.1;15.81;15.85;414274;6599993
VEEV;51.13;51.46;50.36;50.48;505635;25592487
VER;8.78;8.83;8.74;8.77;4659919;40896024
VFC;54.86;55.47;54.74;55.04;3703712;203957544
VG;6.21;6.24;6.12;6.19;894870;5532274
VGM;13.11;13.15;13.1;13.14;158422;2078527
VGR;20.8;20.885;20.58;20.69;437984;9067535
VHI;3.28;3.28;3.11;3.12;36224;114496
VIPS;13.34;13.43;13.2;13.29;1864260;24763484
VIV;14.64;14.66;14.53;14.61;723329;10563732
VJET;2.76;2.82;2.76;2.8;43787;122783
VKQ;12.61;12.65;12.59;12.64;122551;1547047
VLO;65.9;66.25;65.07;65.14;2523860;165288144
VLRS;14.15;14.34;13.8901;14.3;315251;4446662
VLT;14.47;14.53;14.46;14.53;21514;311714
VLY;11.75;11.78;11.54;11.62;1731883;20167462
VMC;120.92;120.92;117.3;117.94;1008068;119248489
VMI;152.7;152.75;147.6;147.95;155084;23037910
VMO;13.14;13.2;13.1051;13.14;104397;1373218
VMW;92.39;92.39;91.115;91.22;631805;57715750
VNCE;1.35;1.4;1.3;1.3;194475;260541
VNO;102.67;103.21;102;102.39;518812;53186512
VPV;12.31;12.35;12.2901;12.35;46227;569647
VR;55.79;55.81;55.46;55.63;171509;9540994
VRX;9.62;9.74;9.53;9.6;6363983;61226708
VSH;16;16;15.6;15.7;847564;13325418
VSLR;2.95;3;2.9;2.95;143204;423774
VSTO;19.08;19.275;18.5;18.63;646599;12136103
VTN;13.55;13.63;13.55;13.6;45383;616273
VTR;65.47;65.79;65.22;65.645;792445;52009727
VVI;43.9;43.9;43.25;43.45;36733;1599737
VVR;4.63;4.64;4.61;4.61;464234;2145786
VZ;48.53;48.94;48.34;48.92;9755787;475271604
WAB;81.06;81.27;79.03;79.67;773307;61595481
WAC;1.24;1.3899;1.155;1.2;719872;912804
WAGE;72;72.45;71.275;71.4;114870;8225733
WAT;156.28;156.54;154.86;155.08;274322;42661596
WBAI;14.01;14.1297;13.96;14.07;82968;1166002
WBC;115.81;115.81;113.05;113.29;261356;29742582
WBK;26.12;26.1345;25.93;26.01;92110;2394868
WBS;48.69;48.83;47.8;48.06;312277;15046934
WCC;70.2;70.2;66.875;67.4;728753;49281487
WCG;146.89;146.98;144.43;145.71;236652;34410142
WCN;89.24;89.24;87.89;87.99;303736;26767881
WDAY;82.55;85.71;82.48;83.45;2635978;221120659
WDR;16.68;16.9;16.52;16.74;966603;16192673
WEC;60.5;61.12;60.41;61.1;1116712;67985619
WES;60.81;61.31;60.4056;60.78;98257;5965233
WFC;53.95;54.02;53.05;53.12;23882133;1274810464
WFT;6.49;6.52;6.23;6.33;19557975;124047152
WG;2.64;2.67;2.56;2.57;57917;150767
WGL;82.21;82.42;81.96;82.11;104968;8627030
WGO;26.25;26.25;25.4;25.55;599829;15351910
WHG;54.32;54.32;52.67;52.77;5312;283108
WHR;168.66;169.83;167.27;168.27;459963;77441815
WIT;9.89;9.89;9.71;9.78;832867;8135847
WLL;9.62;9.815;8.89;8.93;22780812;210931082
WM;72.71;72.82;72.1499;72.3;1294173;93549928
WMB;30.48;30.69;30.16;30.38;5017839;152434656
WMK;61.05;61.065;59.79;60.72;29432;1782468
WMS;22.05;22.1;21.75;22.05;158120;3467474
WMT;73.55;73.83;73.25;73.44;5939831;436477520
WNC;20.62;20.62;19.63;20.1;1234909;24781881
WNR;35.6;35.77;35.04;35.12;700471;24716614
WNS;28.96;29.18;28.9;28.93;141000;4091540
WOR;43.35;43.35;42.0422;42.12;314059;13297665
WPC;63.15;63.5;63;63.15;179486;11338667
WPG;8.96;9.17;8.9409;9.1;3285370;29839665
WPZ;41.53;41.62;41.015;41.13;492188;20272799
WR;54.52;54.53;54;54.13;528740;28718583
WRE;32.56;32.69;32.355;32.45;181821;5909441
WRI;34.16;34.49;34.1;34.36;763615;26211216
WRK;50.91;51.07;49.69;49.83;1227887;61348147
WSM;55.57;55.57;54.08;54.25;1678762;91569993
WSO;141.2;141.22;136.67;137.38;383574;52723619
WSR;14.26;14.26;14.025;14.11;112987;1596519
WST;79.34;79.41;78.62;79.17;357559;28268156
WTI;2.69;2.79;2.64;2.64;1746967;4717740
WTM;872.4;874.74;863.02;863.08;2822;2441671
WTR;32.87;32.87;32.5484;32.8;475850;15576913
WTS;61.55;61.55;60.4;60.4;94413;5735120
WTW;17.69;17.69;16.83;17;1052808;18037518
WU;19.51;19.55;19.37;19.42;3559047;69247619
WUBA;37.1;37.24;36.02;36.22;565703;20575835
WWAV;56.24;56.24;56.24;56.24;0;0
WWE;21.79;21.872;21.56;21.63;230846;4998353
WWW;24.4;24.54;24.27;24.37;336952;8218202
WY;34.4;34.725;34.31;34.58;3012083;104206602
WYN;86.44;87.82;86.05;87.12;1963272;170752589
X;33.91;33.91;31.1601;31.26;37390906;1196652914
XCO;0.59;0.5929;0.55;0.55;735736;416411
XEC;120.67;123.92;120.085;121.91;1208310;147680782
XEL;44.43;44.94;44.3;44.9;1847441;82723675
XIN;4.34;4.379;4.28;4.28;107499;463841
XL;40.46;40.53;40.15;40.34;1237637;49901858
XNY;1.52;1.57;1.49;1.49;31690;48761
XOM;82.86;83.35;82.7;82.97;7182495;595723899
XON;19.7;20.06;19.5599;19.87;861954;17124681
XOXO;16.91;17.33;16.5;17.13;236926;4035682
XRX;7.09;7.11;7.01;7.03;5269432;37102582
XYL;50.57;50.7;49.28;49.38;1887763;93554852
Y;615.55;615.55;605.26;607.4;16618;10097028
YELP;33.3;33.49;32.08;32.16;2557466;83051782
YGE;2.91;2.98;2.82;2.89;261232;761787
YPF;25.47;26.48;25.38;25.91;2979386;77201429
YRD;24.49;24.78;24.22;24.34;124418;3044378
YUM;64.19;64.25;63.92;64.035;1156230;74048495
YUMC;32.4;32.78;32.37;32.64;3370925;109895081
ZF;11.4;11.42;11.38;11.42;104341;1189708
ZNH;35.5;35.54;34.75;34.85;24959;877915
ZTR;12.02;12.04;11.9;11.97;91954;1100174
