AAL;41.53;42.1;41.28;41.81;3691498;153957164
AAME;4;4;3.95;3.9752;2905;11511
AAON;34.3;34.6;34.15;34.3;103252;3542681
AAPL;143.73;144.18;143.27;143.34;14704159;2113285608
AAXJ;63.13;63.265;63.01;63.14;1059223;66866060
AAXN;23.25;23.61;22.67;23.27;1756771;40839817
ABAX;47.02;47.5;46.75;47.43;59975;2840033
ABCB;44.35;44.9;44.1;44.35;126315;5615011
ABCO;46.95;47.4;46.8;47.25;214411;10109301
ABEO;5.1;5.15;4.9;5.05;368508;1849171
ABGOF;0.04;0.04;0.04;0.04;1000;40
ABIO;2.4;2.45;2.35;2.35;37041;87998
ABMD;124.97;126.06;124.69;125.49;120966;15182533
ABNK;10.5;10.5;10.3;10.3;9500;97950
ABTL;12.56;12.8;11.94;12.13;79709;971371
ABUS;3.3;3.35;3.2;3.25;123351;401614
ABVG;0.0004;0.0004;0.0002;0.0004;9332600;3086
ACAD;32.4;32.45;31.7495;32.36;838975;27008600
ACET;15.05;15.26;14.795;15.23;188445;2840722
ACFN;0.35;0.37;0.34;0.364;73415;25893
ACGL;93.98;94.1;93.64;93.77;256891;24115141
ACGX;0.0018;0.0024;0.0015;0.0022;66226104;131721
ACHN;3.82;3.82;3.71;3.72;1310416;4913529
ACIA;57.17;57.7799;55.75;56;753536;42806949
ACLS;17.9;18.15;17.65;17.95;237861;4261826
ACOR;16.95;17.15;16.55;16.6;970023;16242569
ACRX;2.85;2.85;2.75;2.75;271456;755736
ACTA;13.95;14.1;13.95;14.1;78582;1103216
ACTG;5.4;5.6;5.4;5.55;169216;931673
ACTL;0.0001;0.0001;0.0001;0.0001;4500000;450
ACUR;0.53;0.6023;0.53;0.6;9500;5217
ACWI;63.07;63.27;63.0175;63.1;928196;58623486
ACXM;28.12;28.27;27.78;27.81;238631;6658175
ADAP;5.47;5.88;5.43;5.7;221138;1252382
ADAT;2.272;2.28;2.265;2.28;1300;2961
ADBE;130.15;130.67;129.52;130.22;1726111;224457620
ADDYY;93.985;94.73;93.985;94.388;16377;1547330
ADHD;1.19;1.23;1.1;1.12;620837;727378
ADI;80.3;80.59;79.65;80.01;2570806;205964638
ADP;101.87;102.4167;101.46;102.19;1094092;111689260
ADRA;29.1;29.225;29.1;29.225;1500;43710
ADRD;20.73;20.87;20.73;20.87;2564;53412
ADRE;36.56;36.7613;36.56;36.61;4290;157389
ADRNY;20.59;20.63;20.51;20.52;29080;597355
ADRU;20.43;20.43;20.41;20.43;1077;21999
ADSK;84.07;84.95;83.55;84.79;1558006;131373577
ADTM;0.0002;0.0002;0.00019;0.0002;17574025;3515
ADTN;19.9;20.15;19.85;20.05;204583;4090511
ADVM;2.55;2.6;2.5;2.55;245419;626062
ADXS;7.76;7.88;7.61;7.84;391098;3033667
AEGN;22.87;23.27;22.75;23.08;197799;4563999
AEGY;0.0001;0.0001;0.0001;0.0001;770000;77
AEHR;4.34;4.38;4.01;4.28;167668;716224
AEIS;66.26;66.96;66.2301;66.71;205788;13711324
AERI;43.55;44.85;43.4;44.35;350636;15469031
AEZS;2.95;2.95;2.9;2.95;114394;334885
AFAM;47.7;47.9;47.25;47.3;40236;1912601
AFFY;0.051;0.053;0.051;0.0526;6070;313
AFLYY;7.41;7.41;7.29;7.29;6097;44554
AFSI;19.24;19.24;18.8099;18.88;2809106;53255602
AGEN;3.33;3.39;3.22;3.38;976524;3221489
AGII;66.05;66.1;65.45;65.5;45514;2986049
AGNC;20.19;20.21;20.02;20.05;2542611;51134721
AGTK;0.0228;0.023;0.0201;0.0205;3082382;67089
AHPI;2.05;2.05;1.99;2.0365;7500;15359
AIA;52.68;52.75;52.5997;52.5997;12903;679537
AINV;6.63;6.65;6.555;6.6003;1041106;6879743
AIRM;42.95;43.35;42.925;43;2942325;126570166
AKAM;58.65;58.74;57.995;58.1;1726574;100426016
AKAO;23.35;23.66;22.09;22.48;642608;14556127
AKRX;25.45;30.64;25.41;29.77;22978544;665795061
AKZOY;28.02;28.24;28.01;28.14;17197;483502
ALCO;26.95;27.15;26.8;26.8;1585;42780
ALGN;114.76;115.74;114.66;114.74;430236;49482497
ALGT;156.7;158.4;155.15;155.35;68869;10744905
ALKS;57.52;58.73;57.04;58.69;448458;26121058
ALLT;4.76;4.76;4.6898;4.74;4800;22653
ALNY;47.65;48.61;47.16;48.51;410544;19719813
ALOG;72.9;73.4;72.6;73.15;40489;2957381
ALOT;14.5;14.75;14.5;14.75;9395;137316
ALQA;0.467;0.472;0.44;0.46;586692;268058
ALRM;30.28;30.82;30.165;30.6;124075;3790390
ALSK;1.93;1.93;1.83;1.85;91217;170855
ALVRQ;0.0027;0.0027;0.0027;0.0027;140;0
ALXN;115.78;116.26;113.42;115.62;2187914;251270317
AMAG;22.05;22.7;21.9;22.6;648344;14504516
AMAT;38.45;39.03;38.45;38.93;5786877;224760365
AMAVF;36.82;36.82;36.82;36.82;100;3682
AMBA;54.99;55.68;54.42;54.53;385326;21175923
AMBS;0.0459;0.0492;0.0415;0.0491;430029;18989
AMCN;3.11;3.15;2.98;3.03;556796;1713407
AMD;13.33;13.68;13.22;13.52;67137762;899098537
AMDA;0.395;0.404;0.3851;0.404;480743;189341
AMED;51.28;51.78;50.8;51.23;136813;7028469
AMGN;162.91;164.24;162.25;163.38;1776028;290219109
AMKR;11.44;11.64;11.4;11.51;949307;10946605
AMLM;0.0358;0.039;0.0321;0.0321;110200;4262
AMNB;36.825;37.15;36.5;36.8;10141;371811
AMNP;0.006;0.0069;0.006;0.0069;10614;73
AMOT;21.46;21.98;21.3;21.92;20272;440643
AMPH;14.33;14.67;14.135;14.615;332799;4800113
AMRB;14.7854;14.81;14.685;14.81;1254;18522
AMRI;14.75;15;14.14;14.34;1677584;24457444
AMRN;3.16;3.18;3.13;3.15;510637;1609113
AMRS;0.478;0.51;0.45;0.5002;2016675;961480
AMSC;6.64;6.88;6.64;6.71;93050;628576
AMSWA;10.39;10.53;10.35;10.44;67179;702217
AMWD;87.65;88.75;87.35;88.2;92115;8116185
AMZN;899.65;900.09;889.31;894.88;2779634;2487785281
ANAT;115.52;117.93;115.1961;117.23;6965;815639
ANDE;37.55;37.75;37.3;37.5;66796;2509667
ANDR;0.05;0.05;0.044;0.045;11298;515
ANGO;16.2;16.45;16.05;16.21;1960107;31769400
ANIK;43.25;43.6;42.83;43.37;81090;3506190
ANIP;49.56;51.25;49.5;51.24;80015;4056080
ANSS;105.68;106.1;104.78;105.59;221615;23392181
ANTH;0.3864;0.3984;0.3614;0.3964;2043784;783223
AOBC;20.55;20.75;20.38;20.63;1184681;24419777
AOILQ;0.0022;0.0022;0.0021;0.0021;115655;246
APDN;1.6;1.65;1.6;1.6;37428;60108
APEI;22.4;22.8505;22.35;22.5;48521;1094510
APLL;0.05;0.09;0.05;0.09;493;30
APOG;57.53;57.97;56.28;57.87;297487;17035519
APPS;0.92;0.97;0.92;0.935;132836;125323
APRI;1.79;1.87;1.7;1.7;98801;174245
APTI;11.64;11.64;11.01;11.29;233433;2635390
AQXP;15.25;15.37;15.07;15.25;64778;986203
ARAY;4.7;4.725;4.6;4.65;1465710;6823253
ARCC;17.57;17.7;17.54;17.59;1049806;18468474
ARCI;1.02;1.04;1;1.0001;4613;4653
ARCTF;0.8759;0.8759;0.8375;0.8385;32628;27919
ARCW;4.2;4.25;4.1;4.25;2267;9458
ARDM;1.53;1.605;1.48;1.59;12274;19162
ARDX;12.05;12.2;11.7;12.1;83181;1000456
AREX;2.6;2.62;2.5;2.62;691274;1776384
ARGS;0.39;0.43;0.37;0.43;631384;246336
ARIOQ;0.0001;0.0001;0.0001;0.0001;10000;1
ARKAY;100.41;101.3;100.41;101.285;3404;343601
ARKR;24.99;25.0911;24.95;24.95;1000;24968
ARLP;23.1;23.3;22.45;22.55;294459;6745230
ARLZ;1.56;1.65;1.51;1.61;1359553;2153701
ARNA;1.43;1.45;1.4;1.41;1578646;2233476
ARNGF;1.81;1.8388;1.77;1.77;6000;10909
ARNH;0.0002;0.0002;0.0001;0.0002;70854026;13971
AROPQ;0.03;0.0309;0.03;0.03;104194;3136
AROW;33.55;33.8;33.45;33.6;7421;249644
ARQL;0.9811;0.99;0.95;0.9599;189372;183589
ARRS;26.13;26.51;26.13;26.41;839501;22175342
ARRY;8.48;8.595;8.34;8.54;2426634;20618214
ARTH;0.59;0.61;0.58;0.59;212086;124998
ARTNA;33.9;36.835;33.77;35.7;42329;1488317
ARTW;3.4003;3.4003;3.3502;3.3891;700;2365
ARWR;1.69;1.7;1.65;1.66;630466;1057676
ASFI;7.8021;7.849;7.6;7.6;7584;58612
ASML;130.54;131.65;130.53;131.18;318616;41813616
ASNA;3.78;3.89;3.76;3.84;2857154;10965467
ASRV;3.75;3.85;3.7;3.85;36383;136618
ASTC;1.23;1.43;1.19;1.19;112017;146466
ASTE;61.8;62.43;60.945;62.21;92887;5771487
ASTI;0.0018;0.0019;0.0015;0.0018;87513428;149502
ASUR;9.82;9.92;9.51;9.7;44378;430919
ASWRF;0.059;0.06;0.059;0.06;25000;1487
ASXSF;0.305;0.305;0.305;0.305;500;152
ASYS;5.23;5.4;5.23;5.35;23588;125221
ATADF;0.3344;0.3344;0.315;0.3189;14600;4660
ATAR;0.001;0.001;0.001;0.001;2000;2
ATEA;2.75;3;2.75;2.9;6500;18363
ATEC;2.24;2.4;2.1;2.12;172849;375924
ATGN;0.26;0.26;0.26;0.26;1000;260
ATHX;1.56;1.59;1.48;1.48;1441916;2184484
ATLS;0.181;0.2;0.178;0.19867;160653;29761
ATOS;0.725;0.73;0.68;0.71;87838;62090
ATRI;462.975;466.95;460.15;466.95;5397;2502286
ATRM;1.9;1.9;1.9;1.9;900;1710
ATRO;31.2;31.64;31.12;31.58;43458;1367443
ATRS;2.97;2.975;2.91;2.93;699091;2054228
ATSG;15.95;16.14;15.8368;16.09;223059;3579209
ATTBF;0.185;0.21409;0.177;0.21;4026903;797547
ATTU;7.77;7.79;7.55;7.79;50551;387786
ATUSF;9.4123;9.43;9.1908;9.1946;11600;107947
ATVI;49.3;49.72;49.22;49.61;3142505;155730964
AUDC;6.9;7.02;6.81;6.84;129541;896387
AUNFF;0.28504;0.28504;0.27;0.27;12200;3327
AUPH;7.05;7.3;6.82;7.05;10371383;73307353
AVAV;27.9;27.97;27.41;27.96;141359;3916443
AVCVF;0.01;0.024;0.01;0.024;6200;83
AVDL;9.69;10.15;9.69;10.06;50834;510633
AVEO;0.5905;0.6;0.57;0.588;534714;312323
AVEW;0.00475;0.0099;0.00475;0.0065;29793684;194992
AVGO;217.5;219.84;217.04;218.25;1370153;299544582
AVHI;16;16.5;15.95;16.25;21350;346282
AVLNF;0.1141;0.123;0.113;0.123;42600;4956
AVMXY;1.5499;1.58;1.5;1.58;5750;8906
AVSR;0.0021;0.0021;0.002;0.002;7600;16
AVXL;5.59;5.88;5.55;5.86;408029;2316963
AWCMY;5.29;5.31;5.28;5.31;14537;76887
AWGI;0.0002;0.0002;0.0002;0.0002;8525000;1705
AWRE;4.65;4.7;4.65;4.7;8964;41862
AXDDF;0.9261;0.96;0.9221;0.956;30350;28626
AXMP;0.0025;0.00259;0.0025;0.0025;45700;115
AXTI;5.75;6.05;5.725;6;837428;4936010
AZPN;57.72;58.25;57.56;58.14;180557;10480511
BABY;38.25;38.6;37.9;38.55;210423;8055088
BACHF;0.465;0.473;0.465;0.465;16300;7585
BAJFF;0.1374;0.1374;0.1373;0.1373;7500;1030
BALMF;0.5817;0.5888;0.57;0.58;52838;30688
BANF;88.65;88.8;87.65;88.55;11848;1048453
BANR;53.97;54.72;53.27;54.32;85383;4629279
BARZ;0.047;0.047;0.0451;0.0469;41420;1922
BASFY;98.88;99.15;98.69;98.79;9475;936844
BASI;1.22;1.22;1.13;1.16;30122;35112
BAYRY;114.05;114.54;114;114.5;120501;13777289
BBBY;38.87;39.65;38.8521;39.49;3404455;134266244
BBDA;0.0001;0.0001;0.0001;0.0001;500100;50
BBEPQ;0.059;0.065;0.05;0.0541;4887979;279251
BBGI;12.25;12.45;12.05;12.05;19382;237010
BBOX;8.65;8.8;8.5629;8.7;35115;305424
BBRY;7.91;7.97;7.81;7.81;5696391;44731011
BBSI;54.58;55.42;54.09;54.9;47964;2627345
BBXT;6.2;6.2;6.08;6.2;110925;686058
BCEKF;1.6492;1.6492;1.55;1.6021;46255;74357
BCOR;17.35;17.45;17.1;17.25;340725;5886974
BCOV;8.2;8.55;8.2;8.45;128596;1085826
BCPC;78.25;79.22;77.76;77.98;90136;7053172
BCRX;7.38;7.42;7.14;7.26;1082945;7833794
BDCO;2.5;2.5;2.5;2.5;150;375
BDE;5.4;5.55;5.35;5.35;43005;233946
BDRAF;1.6;1.6682;1.59;1.6608;2300;3804
BDSI;1.8;1.85;1.75;1.775;475131;841117
BEAT;27.35;27.55;27;27.3;156775;4274903
BEAV;65.04;65.26;64.67;64.73;400402;25939780
BEBE;3.911;4.41;3.84;4.29;212758;865205
BELFA;20.8;21.05;20.8;20.9;6100;127555
BELFB;22.55;23.1;22.55;22.8;11904;272363
BGCP;11.02;11.07;10.94;11.02;997562;10976226
BGFV;15.6;15.7;15.2;15.35;345749;5332717
BGMD;0.07;0.09;0.07;0.09;4285;364
BIB;46.43;47.5162;46.36;47.3;129297;6056746
BIDU;173.68;173.94;171.17;172.44;1704929;293843556
BIEL;0.0008;0.0008;0.00069;0.0008;106662428;75793
BIIB;270.6;270.84;267.32;268.73;1383935;372143776
BIOC;1.96;1.98;1.83;1.94;772721;1460035
BIOL;1.34;1.34;1.26;1.27;35934;46780
BIOP;4.14;4.19;4;4.02;14581;60327
BIOS;1.49;1.52;1.41;1.42;1383176;2012462
BIS;28.91;28.97;28.21;28.32;35567;1013847
BITCF;0.2825;0.365;0.28;0.364;2102267;677948
BIVV;55.21;56.98;54.87;56.88;1079899;60748659
BJRI;40.25;40.6;40;40.1;99475;4000624
BKEP;6.75;7;6.6953;6.75;68292;470502
BKYI;2.18;2.42;2.18;2.4;7327;17443
BLCM;12.02;12.45;11.9;12.18;527540;6426227
BLDP;2.63;2.69;2.5;2.57;3074690;8039468
BLDR;15.03;15.185;14.88;15.09;830924;12533753
BLIAQ;0.0048;0.0048;0.0048;0.0048;750;4
BLIN;0.7712;0.79;0.77;0.78;18599;14596
BLKB;77.24;77.99;76.67;76.81;149599;11519183
BLMT;28.05;28.5;28.0082;28.4;12142;343227
BLRX;0.875;0.88;0.8601;0.87;312592;270623
BLUE;84.55;87.5;83.95;87.4;419159;36215963
BMBM;0.012;0.0121;0.012;0.0121;280000;3380
BMIN;0.0036;0.0043;0.00359;0.00394;45000;167
BMNM;2.6801;2.6801;2.55;2.67;4203;11152
BMRN;86.93;88.3;86.6;87.95;675630;59122733
BMSN;0.0001;0.0001;0.0001;0.0001;1150000;115
BMTC;39;39.55;38.95;39.35;19242;757813
BNCC;26.15;26.15;26.15;26.15;200;5230
BNSO;2.4765;2.84;2.42;2.57;387815;1032428
BOBE;63.12;63.65;62.61;63.44;164809;10424977
BOFI;24.22;24.59;23.72;24.15;1201968;29033914
BOJA;20.65;20.7;20.25;20.5;92895;1899840
BOKF;75.81;76.553;75.333;76.52;101987;7776265
BONT;0.64;0.69;0.6;0.6145;161546;103350
BONZ;0.0026;0.0031;0.0021;0.0021;2910063;7710
BOOM;11.75;12.6;11.65;12.45;223557;2646538
BOSC;2.0128;2.06;1.98;1.98;6200;12468
BPFH;15.95;16.125;15.8;16.05;267384;4281440
BPOP;39.78;40.26;39.49;40.08;298841;11966181
BPTH;0.7314;0.8114;0.71;0.715;81829;60332
BRCD;12.49;12.535;12.49;12.51;2027422;25374078
BREW;13.1;13.2;13;13.1;51474;674853
BRID;11.1403;11.1403;11.1403;11.1403;100;1114
BRKR;22.71;22.78;22.62;22.7;242474;5502163
BRKS;21.6;22.06;21.41;22.02;376588;8228846
BRSE;0.0003;0.0003;0.0002;0.0003;89296166;25289
BSET;27.15;27.4;27.1;27.3;20952;571549
BSPM;2.38;2.46;2.15;2.22;171227;392848
BSQR;5.2;5.4;5.055;5.3;9376;49139
BSRAF;0.0015;0.0015;0.0014;0.0014;858000;1259
BSTC;52.01;53.98;51.316;53.5;28705;1505347
BUSE;28.54;28.88;28.16;28.78;72690;2085987
BV;4.2;4.35;4.15;4.3;442410;1891617
BVSN;4.45;4.8;4.45;4.6;12566;57995
BWINB;24.1;24.35;24;24.35;21484;520373
BWLD;153.15;153.55;151.5;151.8;137875;21010448
BYDDF;5.855;5.855;5.81;5.84;18300;106519
BYDDY;11.61;11.645;11.57;11.604;6993;81089
BYFC;1.79;1.8;1.7;1.79;12424;22131
BYSD;0.0001;0.0002;0.0001;0.0002;120989997;15297
BZTG;0.0045;0.006;0.0045;0.006;50000;260
CA;31.85;31.97;31.69;31.88;1180051;37615665
CAAS;5.01;5.1169;4.91;4.92;23100;114783
CACB;7.59;7.66;7.545;7.59;62886;477170
CACC;188.64;194.42;185.52;193.99;211328;40513705
CAKE;63.7;64.24;63.4;63.42;536902;34199851
CALA;11.2;11.4;11;11.25;211699;2359604
CALD;19.65;19.75;19.45;19.6;206391;4036900
CALI;2.98;3.71;2.8;3.15;1192942;3987059
CALL;8.35;8.6;8.35;8.5;45890;388090
CALM;37.55;37.9;37.15;37.2;277246;10411870
CALVF;1.45;1.46;1.43;1.4409;58687;85164
CAMP;16.3;16.38;16.15;16.29;136345;2216758
CAMT;3.77;3.856;3.731;3.82;27116;102712
CAR;27.64;28.43;27.36;27.49;2909102;80618710
CARA;18.7;19.35;18.06;18.2;3195740;59571439
CARB;19.65;19.8;19.35;19.675;209367;4105282
CARE;16.66;17;16.66;17;45537;766846
CASH;86.3;88.4;85.0215;88;47535;4175106
CASI;1.15;1.152;1.1;1.12;42331;47449
CASS;63.31;65.32;63.31;63.97;9476;606115
CASY;111.99;112.48;111.49;111.82;299992;33589908
CATM;44.52;44.96;44.38;44.55;283221;12638121
CATS;1.87;1.88;1.78;1.81;15400;27896
CATY;36.59;36.93;36.415;36.76;146158;5366448
CBAK;1.65;1.95;1.6;1.75;299751;529300
CBAN;13.8;13.8;13.8;13.8;800;11040
CBF;42.6;42.95;42.5;42.9;178829;7633403
CBGDF;0.7279;0.7279;0.7054;0.71;61898;44329
CBIS;0.07875;0.08;0.073;0.075;16356292;1224209
CBLI;1.5214;1.66;1.52;1.6209;52975;85930
CBLRF;0.0015;0.0015;0.0015;0.0015;40000;60
CBRL;158.59;159.85;158.3;159.48;141863;22588382
CBSH;55.12;55.59;54.87;55.44;257932;14268850
CCBG;20.03;20.5;19.98;20.38;9229;187144
CCCL;2.12;2.84;2.03;2.05;1165485;2792424
CCHGY;25.73;25.86;25.73;25.86;763;19651
CCIH;1.5;1.55;1.49;1.49;41054;61896
CCNE;23.86;24.525;23.81;24.16;24618;595176
CCRN;13.81;14.04;13.77;13.85;249193;3468213
CCTR;0.0001;0.0001;0.0001;0.0001;200000;20
CCUR;4.81;4.81;4.67;4.69;12016;56734
CDK;63.64;64.54;63.51;64.38;867576;55781807
CDNA;1.35;1.4;1.25;1.25;58953;77014
CDTI;2.46;2.59;2.46;2.57;36668;93679
CDXC;2.58;2.59;2.395;2.44;196687;484436
CDXS;3.95;4.8;3.95;4.5;2025530;8665844
CDYCF;0.103;0.103;0.103;0.103;200;21
CECE;10.46;10.7;10.42;10.7;104867;1112446
CECO;9.06;9.33;9.06;9.21;257600;2378275
CELG;124.46;126.32;124;125.58;2248976;282002437
CEMI;5.3;5.5;5.3;5.45;17964;96513
CEMP;3.8;3.975;3.75;3.85;997049;3842377
CENT;36.22;36.71;35.93;36.16;72148;2614825
CENX;12.72;13.08;12.46;12.83;1595202;20444851
CERN;59.53;59.79;58.97;59.6;1851941;110400183
CERPQ;0.00292;0.00292;0.00292;0.00292;210;1
CERS;4.25;4.34;4.17;4.3;663412;2831608
CETC;2.1101;5.44;2.1;4.6399;3890839;17897024
CETV;2.95;3.1;2.95;2.95;165168;500064
CEVA;34.45;35.05;34.3;34.75;85258;2955402
CFBK;2.23;2.3967;2.16;2.39;57890;133299
CFFI;47.35;47.575;45.861;47;6000;282867
CFFN;14.41;14.55;14.35;14.485;704304;10196444
CFNB;16.05;16.05;16.05;16.05;456;7319
CFNL;28.9;29.15;28.64;28.82;123359;3561622
CFRX;1.95;1.95;1.85;1.85;24017;44759
CG;15.85;16;15.7;15.85;265186;4203493
CGEN;4.1;4.15;4;4.1;131377;532799
CGNT;1.68;1.7;1.63;1.63;48456;81171
CGNX;84.86;85.87;84.22;84.22;635834;53874503
CHCO;63.4;63.87;62.79;63.43;45279;2868551
CHDN;156.3;157.25;155.35;156.4;19414;3038127
CHFC;48.89;49.39;48.7;49.12;125393;6154064
CHKE;7.85;8;7.6;7.65;24159;188427
CHKP;102.85;103.35;102.55;103.16;436067;44896753
CHMA;1.6;1.65;1.6;1.625;31372;50372
CHME;0.11;0.11;0.11;0.11;12250;1348
CHNGQ;0.0399;0.0399;0.0235;0.0237;43850;1683
CHNR;2.18;3.45;2.18;2.48;3583172;10579015
CHRS;19.4;19.675;18.7;19.55;311326;5997283
CHRW;76.36;76.6;75.56;75.73;1214030;92068976
CHRYY;14.8;14.8;14.7;14.7;2363;34798
CHTR;337.67;338.51;330.55;330.65;1221743;406895577
CINF;70.44;71.415;70.1224;70.24;454960;31979274
CJJD;1.75;1.9;1.75;1.82;99736;181292
CKHUY;12.12;12.3;12.12;12.3;63540;778987
CLCT;27.51;27.51;26.69;26.89;56457;1522263
CLDX;3.26;3.345;3.2;3.3;1933375;6308966
CLFD;15.4;15.75;15.15;15.25;32693;505510
CLIR;3.75;3.8;3.65;3.7;18798;69927
CLLS;23.45;23.48;23.11;23.38;69642;1625983
CLMT;3.7;3.75;3.65;3.7;232492;856737
CLNE;2.53;2.56;2.49;2.51;1178330;2971330
CLNT;6.61;10.7;6.6;6.72;17391742;151603105
CLRO;9.9;10.05;9.85;9.9;6166;61299
CLSN;0.279;0.2845;0.27;0.275;559275;153699
CLVS;56.97;57.214;53.19;55.46;2930203;160542060
CLWY;4.15;4.15;4.05;4.15;620;2531
CMCO;26.15;26.51;25.888;26.43;92759;2440157
CMCSA;38.26;38.27;37.92;38.025;13478277;512794065
CME;117.01;118.47;117.01;117.99;845713;99718666
CMFN;10.3;10.32;10.2;10.25;8922;91552
CMGHF;0.029;0.029;0.025;0.025;25000;665
CMLS;0.336;0.34;0.31;0.3179;140124;44884
CMRX;5.83;5.83;5.56;5.58;329736;1870214
CMTL;13.6;13.605;13.12;13.31;462478;6159005
CNBKA;60.65;61.9;60.65;61.35;4348;266147
CNCG;0.07852;0.07852;0.0664;0.0664;30200;2094
CNCT;0.006;0.0065;0.006;0.0065;160600;1018
CNET;1.18;1.45;1.13;1.1893;432095;564337
CNMD;44.2;45.03;42.49;44.99;147262;6585818
CNNA;0.00045;0.0005;0.0004;0.0005;595763;254
CNRD;18.6;18.95;18.6;18.88;1728;32531
CNTE;71.5;71.5;68.95;69.75;15050;1061647
CNTF;2.15;2.33;1.96;1.97;276288;592106
CNTY;7.6;7.69;7.56;7.59;13352;101718
CNXN;29.09;29.94;29.08;29.64;38713;1146234
CNXS;0.0016;0.0021;0.0016;0.002;7245165;14214
COBI;0.0002;0.0002;0.0002;0.0002;3946512;789
COBZ;16.33;16.72;16.21;16.61;82609;1364920
COHR;198.22;201.66;195.15;199.65;107766;21492777
COHU;18.06;18.08;17.88;18;128116;2305332
COKE;198.46;200.36;198.42;199.21;23537;4689617
COLB;37.57;37.9;37.3;37.72;161296;6070866
COLL;10.09;10.13;9.61;9.81;433593;4283231
COLM;57.89;58.34;57.62;58.14;131686;7647446
CONC;0.00543;0.00543;0.0054;0.0054;1200;6
CONN;11.65;11.919;11.3;11.55;780743;9008640
COOL;14.6;15.4853;13.8153;14.85;154835;2238050
CORI;4.4;4.59;4.1901;4.57;85438;382731
CORT;10.6;10.71;10.45;10.65;621361;6587824
CORVF;0.66;0.6679;0.625;0.64;21300;13747
COST;169.7;171;169.43;170.62;1078565;183831200
COVS;1.9;1.95;1.9;1.95;22807;43479
COWN;14.05;14.05;13.725;13.9;212842;2954968
CPHC;10.5;10.5;10.1;10.3134;3650;38262
CPLP;3.52;3.52;3.45;3.46;290490;1012366
CPPD;0.0028;0.00311;0.0023;0.0028;817620;2036
CPRT;59.86;60.23;59.61;59.68;364708;21804349
CPRX;1.77;1.8;1.72;1.75;364185;641818
CPSI;28.1;28.247;27.8;28;66950;1872917
CPSS;4.5701;4.89;4.51;4.66;138182;655318
CPST;0.78;0.8001;0.76;0.7649;293404;229132
CRAI;35.1;35.56;34.89;35.38;25743;909414
CRAY;19.35;19.65;19.1;19.15;156649;3012272
CRDS;2.91;2.91;2.8852;2.8997;750;2171
CREE;24.23;24.73;24.23;24.69;455081;11205141
CREG;1.66;1.78;1.55;1.58;135513;223173
CRESY;20.97;20.97;20.4;20.6;158412;3260458
CRIS;2.53;2.6;2.48;2.6;450118;1144237
CRME;3.034;3.2548;3;3.2;358089;1124218
CRMT;36;37.35;35.75;37.1;80636;2945191
CRNT;3.2;3.23;3.15;3.19;306126;976785
CROX;6.53;6.57;6.4356;6.49;801111;5208793
CRTO;50.82;51.19;49.91;50.05;468199;23499229
CRUS;63.37;66.1;63.27;64.63;1851931;120269208
CRVL;41.1;42.05;41;41.9;23251;970285
CRWG;0.0075;0.0075;0.0075;0.0075;5000;38
CRWS;7.8;7.85;7.7;7.75;19640;152193
CRZO;28.6;28.6;27.91;28.13;870827;24570263
CRZY;16.5;16.5;16.5;16.5;2000;33000
CSCO;33.1;33.15;32.92;32.96;12594672;415855406
CSGP;206.33;207.74;204.65;206.64;88418;18190916
CSGS;36.31;36.63;36.1314;36.52;203024;7395610
CSIQ;12.64;12.78;12.48;12.68;530456;6727454
CSLI;0.0002;0.0004;0.00019;0.0003;11396964;3396
CSPI;10.4982;10.4982;10.15;10.2;2600;26600
CSTR;19.34;19.34;19.06;19.1;5170;99169
CSWC;16.68;16.9;16.41;16.7;14487;240781
CTAS;123.07;123.48;122.4;122.56;564659;69259895
CTBI;44.7;45.5;44.65;45.35;50038;2266673
CTHR;0.95;0.951;0.9449;0.9449;18164;17237
CTIB;5.5738;5.5803;5.5649;5.5803;3570;19886
CTIC;4.15;4.23;4.11;4.12;102044;422388
CTIX;0.94;0.975;0.915;0.932;259676;241801
CTRL;15.34;15.5429;15.2;15.39;153847;2371572
CTRN;16.56;16.91;16.56;16.64;68275;1142275
CTRP;49.04;50.77;48.88;50.09;3963634;198611351
CTRV;1.54;1.6;1.52;1.6;326447;506036
CTSH;58.41;58.67;58.025;58.43;2601789;151899289
CTSO;4.45;4.75;4.45;4.6;282191;1301289
CTWS;54.01;54.26;53.81;53.81;9400;507855
CTXS;83;83.5713;82.74;83.15;652983;54327237
CUBA;6.94;6.99;6.8901;6.99;22530;157139
CUTR;19.25;19.95;19.025;19.9;67359;1325693
CVBF;20.97;21.23;20.92;21.16;254151;5359479
CVGI;6.92;7.14;6.84;6.91;175716;1229751
CVGW;62.7;63.3;62.25;62.7;146874;9223577
CVLY;25.84;26.2999;25.55;26.18;20572;534789
CVTI;17.91;17.96;17.67;17.95;36981;661857
CVV;10.14;10.36;10.14;10.2994;1842;18878
CVVUF;0.3341;0.3341;0.3337;0.3337;2100;701
CWBC;10.05;10.05;10.05;10.05;100;1005
CWCO;11.35;11.65;11.35;11.5;41640;479129
CWGL;9.9;10;9.9;9.95;10113;100818
CWST;14.02;14.15;13.96;14.03;206059;2902470
CY;13.23;13.72;13.225;13.59;8853946;119684480
CYAN;3.893;4;3.893;4;200;789
CYBE;26.15;26.15;25.45;25.65;163426;4216420
CYBR;51.66;52.32;51.42;52.16;274434;14240843
CYCC;6.15;6.3399;5.8;5.92;314181;1877592
CYRN;2.045;2.05;2.005;2.05;8700;17638
CYTK;11.4;11.5;11.2;11.425;245357;2784547
CYTR;0.43;0.4472;0.425;0.4311;706034;308881
CYTX;1.43;1.47;1.35;1.37;177820;246975
CZICF;0.155;0.165;0.155;0.1643;7081;1147
CZR;9.55;9.7;9.55;9.65;568864;5477008
DAIO;4.98;4.98;4.871;4.98;5985;29460
DAKT;9.16;9.27;9.0736;9.2;128677;1183632
DANOY;13.55;13.66;13.55;13.64;170292;2320026
DASTY;86.79;87.24;86.66;86.92;8001;695848
DAVE;4;4.045;3.8;3.85;12022;46807
DCIX;0.9;0.9;0.7438;0.7699;1197755;942579
DCOM;20.2;20.35;20.05;20.15;138884;2798255
DCTH;0.076;0.0769;0.07;0.072;6543619;470770
DDAIF;70.99;71.18;70.84;70.93;22561;1600915
DDDX;0.0269;0.0269;0.0238;0.0238;71894;1813
DDEJF;2.8;2.8;2.64;2.65;141350;374308
DECN;0.09;0.095;0.0843;0.0843;96445;8289
DEPO;12.1;13.9;12.1;13.75;6226326;82676096
DEST;4.04;4.04;3.93;3.93;24158;96547
DEWM;0.0019;0.002;0.0018;0.002;4694897;8735
DGAS;30.45;30.5;30.38;30.47;5587;170251
DGICA;17.14;17.21;16.85;17.12;14073;239372
DGII;11.65;11.812;11.6;11.65;68182;797065
DGLD;48.36;49.79;47.93;49.53;98611;4782170
DGLY;4;4.1;3.95;3.95;77447;307372
DHIL;191.45;193;190.71;192.6;3640;698337
DIAAF;0.0001;0.0001;0.0001;0.0001;1000000;100
DIGX;0.0003;0.00031;0.0002;0.0003;28969092;8291
DIIBF;24.2479;24.2552;23.846;23.865;2486;59426
DISH;63;63.11;62.3;62.51;1621450;101421900
DJCO;208;208;206;208;1365;282794
DLPX;0.01;0.01;0.01;0.01;20450;204
DLTR;78.05;78.21;77.4301;77.61;1378781;107191558
DMLP;17.5;17.55;17.2;17.3;16986;294119
DMRC;27.1;28.15;26.85;27.75;44202;1225719
DNAG;0.0002;0.0002;0.0002;0.0002;3152000;630
DNKN;52.99;53.51;52.52;53.11;1273876;67654826
DORM;77.65;78.97;76.5037;77.76;125990;9816478
DPFD;0.00001;0.00001;0.00001;0.00001;101;0
DRAM;1.18;1.2;1.13;1.19;138326;160537
DRLDF;1.05;1.05;1.01;1.01;20595;21392
DRRX;0.96;1.01;0.9406;0.9507;237699;230499
DRYS;0.8;0.805;0.7;0.7;40840540;30563667
DSGX;22.75;22.775;22.5;22.675;27343;619441
DSLV;20.39;22.07;20.29;21.74;294896;6250717
DSPG;12;12.45;12;12.3;57873;710995
DSWL;1.98;1.98;1.9608;1.98;22057;43428
DTRC;0.0623;0.0623;0.0623;0.0623;200;12
DTRM;3.23;3.24;3.06;3.19;14813;46186
DUSA;20.28;20.3199;20.28;20.29;6960;141301
DVAX;5.35;5.35;5.1;5.25;1233844;6425653
DWCH;7.2;7.35;7.125;7.2;158557;1144705
DWOG;0.02461;0.02461;0.02461;0.02461;2900;71
DWSN;5.46;5.6;5.35;5.43;69055;378151
DWTIF;50.52;50.52;49.58;49.78;3625;181296
DXCM;79.75;79.95;78.44;78.76;631948;49890140
DXLG;2.6;2.8;2.6;2.75;234737;646600
DXPE;37.1;37.88;36.87;37.09;61814;2299656
DXYN;3.45;3.475;3.3;3.4;12362;42255
DYNT;2.95;2.95;2.8501;2.95;8428;24563
DYSL;1.3;1.447;1.28;1.31;80584;104493
DZSI;6.2145;6.29;6.16;6.2;12306;76348
EA;88.4;88.83;88.067;88.73;1337602;118547820
EADSF;76.9;76.9;76.65;76.65;400;30730
EARS;0.8;0.809;0.6205;0.75;546800;405587
EBAY;34.11;34.22;33.8;33.91;6070663;206072743
EBIO;1.98;1.9872;1.925;1.98;194706;381009
EBIX;60.1;60.3;59.6;59.6;62505;3742491
ECOL;46;46.55;45.85;46.25;38425;1776982
ECPG;31;31.2;30.625;31.15;122093;3788259
ECTE;0.13;0.1305;0.13;0.1305;20000;2605
ECTX;0.41;0.41;0.41;0.41;1086;445
ECYT;2.39;2.46;2.3;2.35;348023;819365
EDAP;2.51;2.7581;2.5;2.54;50800;130499
EDGW;6.94;7.22;6.93;7.09;5461;38489
EDIG;0.0399;0.04;0.0363;0.04;188274;7471
EDIT;21.19;21.35;20.7;20.9;366843;7689406
EDMC;0.0094;0.0094;0.00917;0.00917;3884;36
EDUC;7.455;7.6;7.25;7.55;9410;70994
EDVMF;18.94;19.4006;18.9;19.0036;6950;133081
EEFT;84.99;85.06;84.12;84.9;209177;17740448
EFII;48.23;49;47.77;48.9;247236;12060188
EFIR;0.0001;0.0001;0.0001;0.0001;3499997;350
EFLN;0.00385;0.0069;0.0038;0.0051;202032605;1083865
EGBN;58.35;58.6;57.75;58.4;68425;3987932
EGHT;15.15;15.3;15;15.2;279534;4231908
EGLE;5.4;5.53;5.24;5.29;311472;1663264
EGLT;4.52;4.6;4.46;4.49;158557;715990
EGOV;20.05;20.5;19.85;20.5;297535;6039874
EGPLF;0.14;0.1428;0.13279;0.1428;3500;486
EGRAF;0.52;0.56;0.5;0.56;4000;2162
EHTH;11.71;11.86;11.35;11.38;178863;2086526
ELCR;0.0001;0.0001;0.0001;0.0001;1000000;100
ELGX;6.73;6.73;6.56;6.65;596142;3949086
ELON;6.13;6.2928;6.01;6.15;25392;155482
ELOS;11.2;11.2;11.15;11.15;501274;5602750
ELSE;3.9601;3.99;3.9601;3.99;474;1880
ELTK;0.64;0.64;0.64;0.64;100;64
ELTP;0.143;0.146;0.1395;0.1425;490549;70197
ELXS;34;34;34;34;111;3774
EMCI;27.245;27.55;26.976;27.31;21907;598830
EMIS;0.465;0.465;0.4251;0.4599;13725;6123
EMITF;3.4226;3.4689;3.4;3.42;2594;8880
EMKR;8.5;8.65;8.4;8.65;247182;2127216
EMMS;2.32;2.36;2.27;2.27;31202;72089
ENGIY;14.33;14.41;14.25;14.32;68767;984403
ENPH;1.35;1.37;1.3;1.36;245759;329243
ENTA;29.68;29.96;29.23;29.8;106407;3158107
ENTB;0.036;0.036;0.03531;0.036;24900;893
ENZN;0.25;0.2598;0.2401;0.2401;24153;6014
EONGY;7.85;7.89;7.82;7.89;76987;605754
EOXLQ;0.13995;0.1499;0.13;0.1499;50367;7114
EPAY;22.24;22.56;22.05;22.38;335169;7457502
EPGL;0.0197;0.0197;0.0168;0.0197;91000;1761
EPRSQ;0.0161;0.0161;0.0161;0.0161;500;8
EPZM;14.75;14.85;14.1625;14.65;507656;7374626
EQIX;402.88;404.08;401.25;401.74;264719;106528104
ERBB;0.0016;0.0016;0.0014;0.0016;136034607;205100
ERHE;0.0002;0.0002;0.0001;0.0002;3354985;551
ERIC;6.41;6.5;6.41;6.47;3212352;20727499
ERIE;120.55;121.55;120.55;121.32;13459;1631908
ERII;8.07;8.37;8.07;8.13;494185;4041398
ESALY;52.244;52.248;52.12;52.14;4322;225517
ESBK;21.1065;21.45;21;21.15;8135;171647
ESCA;12.75;13.1;12.6842;13.05;13442;174064
ESCC;1.6199;1.62;1.6;1.6;5700;9130
ESEA;1.35;1.38;1.25;1.3484;240663;311683
ESGR;187.5;190.95;184.8;188.45;15935;2999652
ESIO;6.39;6.43;6.27;6.32;88190;560049
ESLT;117.26;118.43;116.985;117.09;19286;2268169
ESMC;0.08;0.095;0.075;0.095;8800;775
ESPR;35.43;36.48;35.09;35.82;666460;23741056
ESRX;66.04;66.8;65.88;66.51;2976818;197900172
ESSI;3.095;3.1;2.96;3.035;325070;985517
ETFC;34.26;35.04;34.2;34.88;2198031;76360679
ETSY;10.59;10.66;10.42;10.47;1757300;18486421
EUFN;20;20.04;19.9578;19.98;388037;7761499
EVBS;10.61;10.71;10.52;10.63;16821;178399
EVEP;1.58;1.58;1.55;1.55;36684;57335
EVLV;1.19;1.22;1.11;1.17;117287;135701
EVOL;4.5;4.75;4.5;4.65;13754;63418
EVRC;1.49;1.525;1.48;1.51;5500;8253
EVRN;0.0003;0.0003;0.0001;0.0001;338488;54
EVTCY;21.56;21.56;21.54;21.54;800;17242
EWBC;51.05;51.86;50.79;51.66;509157;26206236
EWPMF;0.11475;0.11475;0.11475;0.11475;1000;115
EWZS;13.5;13.664;13.46;13.51;16147;219503
EXAC;25.55;25.6;25.15;25.45;11485;290274
EXAS;22.38;22.88;22.3;22.79;1051477;23770672
EXEL;20.35;20.74;20.24;20.47;2155829;44056655
EXFO;4.6;4.75;4.6;4.65;20677;96476
EXMT;0.0009;0.0009;0.0008;0.0008;1060600;853
EXPD;56.38;56.38;55.73;55.77;616948;34461907
EXPE;125.95;127.25;125.35;126.49;1502930;190224759
EXPO;58;58.45;57.8;58.25;33838;1968515
EXTR;7.06;7.095;6.96;6.98;1001028;7016758
EZPW;8.1;8.4;8;8.35;457835;3784456
FAB;51.15;51.3292;51.054;51.23;9448;483106
FALC;0.345;0.345;0.31;0.32;251464;80673
FANG;104.93;105.57;103.39;104.38;816038;85352683
FANH;8.86;9;8.61;8.88;37624;335938
FARM;36.3;36.85;36.2;36.8;56698;2078455
FARO;33.55;33.75;33.25;33.75;46405;1557468
FAST;51;51.13;50.05;50.23;2457200;123778015
FB;141.2;141.55;140.24;140.78;9630262;1358565006
FBAYF;0.4233;0.4233;0.4222;0.4222;218;92
FBNC;28.71;28.79;28.35;28.69;34544;987936
FCCY;18.45;18.8;18.35;18.55;3780;69788
FCEL;1.55;1.6;1.5;1.6;1733153;2736225
FCNCA;329;332.07;327.8;328.65;7817;2572299
FCSMF;0.068;0.08;0.068;0.0777;7275;551
FCUUF;0.6112;0.615;0.6;0.6;279436;169330
FDEF;50.01;51.24;49.725;50.52;19598;994670
FELE;41.8;42.35;41.65;42.15;80868;3407464
FENCF;3.45;3.5;3.3565;3.5;14800;51436
FEP;31.82;31.94;31.8;31.83;49346;1572279
FEYE;12.37;12.4561;12.25;12.39;2602730;32213225
FFBC;26.75;27.15;26.75;26.9;223067;6000867
FFFC;0.0001;0.0001;0.0001;0.0001;1010000;101
FFHL;3.36;3.37;2.86;2.9;32463;98114
FFIC;25.95;26.28;25.92;26.12;22607;590675
FFIN;38.35;39.05;38.3;38.85;109290;4232251
FFIV;137.9;138.055;136.97;137.03;402965;55348491
FFKT;39.25;39.8;39.15;39.7;23126;914324
FINL;14.45;15;14.37;14.89;1321122;19612671
FISI;31.85;32.25;31.7;32.1;9531;305863
FISV;115.89;116.14;115.36;115.82;476175;55148901
FITB;24.98;25.24;24.84;25.01;3974848;99572738
FITX;0.0017;0.0024;0.001;0.002;1064005;1945
FIVE;43.95;44.52;43.6847;44.1;938209;41475066
FIVN;17.29;17.43;16.97;17.14;372627;6384994
FLAG;38.7504;38.8989;38.7504;38.8989;350;13600
FLCR;0.0033;0.0033;0.0033;0.0033;7500;25
FLEX;16.39;16.49;16.29;16.35;1682763;27535158
FLIC;26.1;26.35;26;26.15;13857;362941
FLIR;35.67;35.876;35.52;35.75;435776;15581945
FLL;2.43;2.5;2.42;2.5;40925;100947
FLWS;10;10.25;10;10.2;53573;545030
FLXI;0.46;0.46;0.46;0.46;9100;4186
FLXN;27.2;27.25;25.55;26.42;578106;15181426
FLXS;50.94;52.4;50.94;52.23;12880;670204
FLXT;0.0611;0.067;0.0611;0.0611;292287;18071
FMBI;22.92;23.07;22.75;22.94;479765;10996593
FMCC;2.405;2.43;2.36;2.36;685785;1642545
FMCKJ;5.4;5.4;5.16;5.32;540794;2868491
FMI;30.45;30.495;30.1;30.35;108091;3278434
FNBC;3.7;3.9;3.65;3.85;244984;933414
FNCX;0.45;0.45;0.39;0.4248;426534;175870
FNHC;16.24;16.37;16.17;16.19;24318;395067
FNJN;1.8;1.82;1.78;1.81;28649;51426
FNLC;26.26;26.3399;26.02;26.11;4688;122733
FNMA;2.505;2.53;2.46;2.46;990793;2471787
FNMAT;5.61;5.65;5.36;5.45;46203;252780
FNRC;0.0003;0.0003;0.0002;0.0003;78347897;23481
FNSR;25.13;25.285;24.84;24.88;2048156;51141282
FOLD;6.82;7;6.75;6.99;1043592;7195655
FOLGF;0.3204;0.3303;0.31456;0.319;122555;39350
FONR;17.5;17.8;17.5;17.65;11674;205587
FORC;0.0001;0.0002;0.0001;0.0002;1440199;146
FORD;1.18;1.2;1.15;1.16;6016;7064
FORM;11.3;11.55;11.2;11.45;424003;4846828
FORR;39.3;39.5;38.95;39.35;15762;619757
FOSL;16.48;16.91;16.3864;16.9;766106;12833198
FOX;30.6;30.68;30.29;30.54;1495713;45611459
FOXA;31.14;31.25;30.83;31.07;4013233;124522780
FPRX;32.76;32.9099;32.13;32.88;283649;9251184
FRBK;8.2;8.35;8.2;8.25;111554;921128
FRED;14.3;14.735;14.11;14.48;1464015;21142114
FREEF;0.0115;0.0115;0.0065;0.0092;882978;6914
FRFHF;459.34;460.04;454;455.55;2002;912453
FRMA;0.095;0.0975;0.09;0.09;14313;1342
FRME;38.44;38.74;38.25;38.5;70964;2732740
FRPT;11.1;11.15;10.95;11.05;67358;745197
FRSH;5.85;5.98;5.68;5.75;380919;2220626
FRZT;0.00015;0.00015;0.00015;0.00015;1000;0
FSBK;12.53;12.54;12.52;12.54;1290;16161
FSC;4.43;4.43;4.37;4.4;759261;3339381
FSHRF;0.16;0.16;0.16;0.16;300;48
FSLR;26.6;27.05;26.45;26.81;2609271;69870970
FSTR;13.1;13.55;13.1;13.3;128387;1712911
FTEK;1;1;0.94;0.9499;37423;35653
FTNT;37.18;37.51;37.07;37.42;833035;31121491
FTPM;0.0005;0.0006;0.0005;0.0005;2212622;1154
FTR;2.1;2.13;2.06;2.06;27435886;57417480
FUEL;4.82;4.89;4.37;4.46;1774468;8099075
FUJIY;38.2;38.2;38.09;38.09;1576;60157
FULT;17.35;17.65;17.25;17.4;705381;12320915
FUNC;14.2;14.25;13.85;13.9;9351;130918
FUND;7.45;7.49;7.411;7.49;5982;44698
FVE;1.95;2.05;1.9;2.05;38399;76263
FWONA;32.8;32.89;32.18;32.27;297848;9650414
FWRD;47.61;47.78;47.09;47.18;65342;3090945
GABC;45.99;46.58;44.63;46.45;17743;819500
GAIA;10.4;10.85;10.4;10.85;75211;806088
GAIN;9.03;9.03;8.93;8.97;82689;743889
GALE;0.601;0.6083;0.58;0.585;1163907;690542
GALT;2.45;2.87;2.36;2.87;1681674;4452219
GARS;9.66;9.66;9.48;9.65;36497;348999
GBCI;32.58;33.1;32.55;32.91;241977;7950462
GBSN;0.00735;0.0077;0.0039;0.004;627079173;3239490
GDGI;0.0003;0.0003;0.00015;0.0002;105500508;21254
GDLNF;0.082;0.082;0.0802;0.0802;30900;2533
GECC;11.4;11.45;11.2925;11.32;52993;602419
GELV;0.01;0.012;0.01;0.012;18125;217
GEMP;10.35;10.36;10.27;10.27;3679;38078
GENE;1.12;1.18;1.12;1.13;196790;226497
GEOS;15.68;15.8;15.2;15.29;26184;404125
GERN;2.12;2.15;2.05;2.15;1159183;2442844
GEVO;1.07;1.1;1.02;1.06;256612;270989
GGAL;39.83;40.19;39.1;39.53;238518;9477139
GHDX;30.83;31.36;30.77;31.33;71145;2216946
GIFI;10.5;10.65;10.2;10.2;79530;823054
GIGA;0.81;0.85;0.75;0.7892;42788;33917
GIGM;2.96;3.09;2.9569;3.09;130429;395736
GIII;24;24.625;23.91;24.43;1023232;24986908
GILD;66.42;66.84;66.271;66.58;6514505;433807951
GLAD;9.44;9.47;9.35;9.42;65913;621844
GLBL;4.75;4.75;4.7;4.725;414580;1962716
GLBZ;11.5;11.705;11.5;11.64;600;6976
GLCO;0.0005;0.0006;0.0004;0.0006;174500;82
GLDLF;1.3;1.35;1.25;1.3;181195;236791
GLLK;0.0003;0.0003;0.0002;0.00029;81292673;23906
GLNG;27.66;27.83;27.37;27.44;450200;12407633
GLPW;4.3899;4.49;4.3899;4.49;5040;22225
GLUU;2.29;2.33;2.26;2.27;5435562;12500028
GMLP;22.07;22.17;21.91;22.07;113798;2510604
GNBTD;4.75;5;4.56;4.7;3381;15996
GNCMA;35.24;35.97;35.24;35.51;473008;16858826
GNKWF;0.114;0.15;0.114;0.125;5815;819
GNTX;20.04;20.22;19.95;20.03;1548898;31078205
GNVC;5.76;5.95;5.7;5.95;2609;15168
GOGL;8.56;8.87;8.25;8.7;1636653;14045933
GOLD;90.84;91.93;89.795;90.62;652991;59500695
GOLDF;0.0176;0.0218;0.0176;0.0218;1800;33
GOOD;20.68;20.93;20.67;20.86;94102;1961247
GOOG;827.96;828.485;820.5127;824.67;747333;616203917
GOOGL;845;845.88;837.3;842.1;745304;627083078
GPHOF;0.0572;0.061;0.056;0.057;287400;16593
GPRO;8.46;8.75;8.46;8.55;1786674;15393718
GPTX;0.028;0.028;0.028;0.028;700;20
GQMNF;0.6544;0.665;0.6301;0.6443;125664;80975
GRBK;9.9;10.05;9.9;10;28821;287914
GRLF;0.0001;0.0001;0.0001;0.0001;1450250;145
GRMC;0.031;0.034;0.031;0.034;12000;378
GRMN;50.1;50.62;50.05;50.37;772585;38962796
GRNH;0.07575;0.0789;0.073;0.07481;3040057;231798
GROW;1.51;1.52;1.46;1.46;7498;11164
GRPN;3.78;3.82;3.72;3.74;3658750;13716670
GRVY;20.22;20.4;19.55;19.8;61850;1238614
GSBC;48.5;48.9;48.3;48.6;15862;770773
GSOL;8.7;8.95;8.6;8.8;7919;69541
GSVC;4.5;4.53;4.45;4.51;52686;236765
GT;35.16;35.28;34.9;35.18;1627217;57212486
GTIM;3.25;3.3;3.25;3.3;18347;59948
GTLS;34.82;35.0578;34.405;34.85;120931;4210116
GTXI;4.74;4.74;4.5;4.5;9765;44578
GTXO;0.0104;0.0104;0.0092;0.0104;1208705;12333
GURE;1.77;1.87;1.77;1.81;129385;235597
GWPH;116.26;117.33;115.05;116.31;180773;20967271
GYRO;21.2171;21.505;21;21;425;9024
HA;45.85;46.325;45.45;45.75;441231;20187470
HAIN;37.09;37.16;36.67;36.76;452789;16669268
HALO;12.49;12.66;12.37;12.64;433136;5436601
HARL;22.8;22.8;22.8;22.8;120;2736
HAS;96.69;96.77;95.54;95.75;722609;69230749
HBAN;13.1;13.23;13;13.12;6702657;87984104
HBHC;44.65;45.55;44.45;45.25;362019;16346851
HBIO;2.4;2.45;2.35;2.35;378091;890207
HCSG;41.3;41.65;41.156;41.31;252887;10470134
HDNG;10.48;10.69;10.43;10.49;23927;251254
HDP;10.81;10.88;10.6016;10.67;680188;7305994
HDS;40.22;40.48;40;40.04;1393938;55926797
HDSN;6.46;6.59;6.4;6.59;247277;1614478
HELE;90.45;91;89.4;89.8;143818;12920524
HESG;0.0001;0.0001;0.0001;0.0001;10000;1
HFBC;14.24;14.36;14.24;14.36;1152;16463
HIBB;28.45;28.8;28.4;28.65;215043;6156842
HIFS;172;173.7;172;172.61;867;149588
HIHO;3.9;3.95;3.8251;3.8499;5482;21214
HIMX;9.16;9.48;9.15;9.29;3369474;31489864
HIPH;0.0001;0.0002;0.0001;0.0001;14848125;1870
HLIT;5.5;5.7;5.4;5.5;654003;3579104
HMNF;18.1;18.5;17.9;18.025;1906;34428
HMSY;19.87;20.09;19.71;19.82;176913;3517492
HNH;27.4;27.55;27.3577;27.45;781;21448
HOKUQ;0.0002;0.0002;0.00001;0.00001;950;0
HOLL;0.81;0.81;0.77;0.77;1000;790
HOLX;42.47;42.92;42.35;42.75;2157098;92168876
HOWWY;3.72;3.74;3.72;3.74;7771;28941
HPJ;4.8;4.8;4.6;4.7;217407;1021618
HPNN;0.0002;0.0002;0.0002;0.0002;1451000;290
HPPI;0.325;0.35;0.325;0.3499;2200;745
HQCL;6.99;6.99;6.8;6.85;16750;115596
HRBR;0.0199;0.0199;0.0199;0.0199;10000;199
HRTX;13.7;14.1;13.5;14.1;450109;6249602
HSIC;168.95;169.42;167.46;167.55;258850;43453246
HSII;25.05;25.5;25;25.05;67806;1706288
HTHT;61.76;62.81;60.97;61.41;53353;3283656
HTLD;19.61;19.81;19.5;19.63;355340;6979873
HUBG;46.5;46.8;46.2;46.4;153961;7150963
HUMRF;0.3061;0.33;0.3061;0.33;2500;813
HURC;29.75;30;29.45;29.45;3825;113721
HWCC;6.45;6.55;6.3;6.35;9693;62375
HWKN;46.95;47.25;46.5;47;10380;487699
HYGS;7.25;7.3;7;7.25;88160;632227
HYSR;0.01135;0.01135;0.01;0.0105;756120;7946
HZNP;14.4;15;14.315;14.98;2481360;36562047
I-COMP;5873.9434;5892.0655;5855.5117;5881.3364;0;0
IART;40.82;41.23;40.82;40.86;321678;13172806
IBB;287.7;291.1699;287.3;290.52;671515;194377936
IBCP;20.45;20.65;20.2;20.4;53817;1096062
IBKC;77.3;78.25;77.1;77.9;281321;21891257
IBKR;34.41;34.99;34.13;34.7;434962;15056607
IBOC;34.6;34.95;34.325;34.75;217576;7547857
IBRC;0.002;0.0024;0.0018;0.0022;18462962;39268
IBTGF;0.3;0.3;0.28;0.2996;32575;9432
ICCC;5.3597;5.425;5.3597;5.425;460;2477
ICGQF;0.6384;0.6384;0.61;0.62;121781;76295
ICLN;8.49;8.54;8.48;8.5;41523;353439
ICLR;80.33;80.56;79.8;80.16;147424;11817267
ICNB;0.0165;0.0174;0.014;0.017;6408736;101502
ICON;7.39;7.44;7.28;7.39;424495;3125609
ICPT;108.3;109.35;106.01;108.71;272758;29338926
ICUI;151.85;152.65;150.95;151.5;48967;7432760
IDCC;86.6;87.45;85.65;85.75;116036;10019828
IDRA;2.15;2.1708;2.1;2.16;1159823;2479734
IDSA;1.42;1.55;1.34;1.35;35557;51692
IDSY;6.12;6.2;5.87;6.19;19452;118949
IDTI;23.16;23.53;23.078;23.37;746443;17451279
IDVC;0.0014;0.0014;0.0014;0.0014;175781;246
IDXX;154.84;156.14;154.745;155.48;375634;58386402
IEGCF;0.1601;0.1612;0.1601;0.1612;249;40
IEP;49.87;50.2089;49.6265;49.98;49442;2465734
IFNNY;19.88;19.955;19.84;19.855;30049;597365
IFNY;0.0514;0.0514;0.0511;0.0511;15500;794
IFON;0.514;0.5299;0.5;0.505;4658;2365
IGEX;0.0001;0.0001;0.0001;0.0001;766666;77
IGF;42.47;42.54;42.34;42.37;129560;5495786
IGLD;10.75;10.75;10.75;10.75;100;1075
IGNE;0.0003;0.0003;0.0003;0.0003;50000;15
III;3.02;3.13;3;3.12;89614;276052
IIIN;36.02;36.43;35.75;36.02;46361;1669039
IIJI;9.55;9.55;8.64;8.89;1600;14229
IIVI;33.3;33.5;32.8;32.95;520931;17215598
ILG;20.8;21.31;20.8;21.19;2037052;42991716
ILMN;171.11;173.85;169.71;172.39;655995;113222925
IMBBY;48.87;49.39;48.844;49.29;41455;2043630
IMGN;3.23;3.26;3.11;3.12;973577;3085386
IMKTA;43.5;43.95;43.5;43.9;14721;644466
IMMR;8.41;8.64;8.38;8.63;138946;1186358
IMMU;5.88;5.93;5.77;5.855;1575688;9202386
IMNP;0.1417;0.147;0.135;0.1405;2591938;364174
IMOS;17.5;17.7;17.5;17.62;350937;6194858
IMPV;41.25;41.8;40.8;41.8;337518;13992495
INAP;3.61;3.62;3.47;3.52;792047;2802386
INAR;0.0001;0.0001;0.0001;0.0001;310000;31
INCY;139.48;140.63;136.55;140.11;1659100;230655438
INDB;62;62.5;61.55;62.05;96364;5976969
INFI;2.52;2.59;2.35;2.42;1247749;3031600
INFN;9.9;9.93;9.785;9.87;1918550;18919965
INO;6.03;6.26;5.98;6.26;581294;3563254
INOD;2.05;2.1;1.95;2.1;27485;55718
INOV;12.4;12.65;12.15;12.4;395927;4897669
INSM;16.75;17.13;16.6201;16.83;136920;2305371
INSY;10.23;10.5568;10.22;10.36;553780;5755406
INTC;36.07;36.32;35.985;36.03;13296640;479994535
INTL;36.6;36.84;36.44;36.56;48768;1785292
INTU;117.99;118.96;117.81;118.46;2001821;237211164
INTZ;0.2301;0.3098;0.2301;0.3096;1650;412
INVA;13.44;13.755;13.2843;13.625;1778291;24243974
INVE;6.45;6.98;6.23;6.68;126104;841971
INVT;0.2399;0.2399;0.211;0.23;186574;41890
INWK;10;10.01;9.83;9.99;249658;2490149
IONS;37.86;38.95;37.55;38.85;683903;26305955
IOSP;61.6;62.2;61.3;62.2;73195;4518209
IPAR;35.25;35.45;35;35.3;76351;2692842
IPCC;92.75;93.8;92.4;93.3;52987;4944710
IPCI;2.34;2.34;2.21;2.28;50479;114235
IPGP;119.93;121.91;119.93;120.98;143641;17375531
IPHS;47.17;47.5;45.33;45.38;217531;10025983
IPXL;12.7;14.35;12.6;13.75;5159735;69841002
IRBT;66.15;66.9;66.02;66.45;369297;24602933
IRDM;9.95;10.05;9.825;10.025;769836;7682453
IRIX;10.96;11.2;10.93;11.09;31762;351697
IRWD;16.36;16.69;16.14;16.46;1300040;21377466
ISCA;38.65;38.75;37.8;37.9;126871;4832182
ISCO;1.75;1.78;1.75;1.78;3833;6817
ISIG;1.39;1.4;1.33;1.33;15430;21146
ISLE;26.42;26.59;26.41;26.47;161557;4278558
ISNPY;16.15;16.23;16.1225;16.19;159612;2584114
ISNS;3.05;3.05;2.85;2.9;54579;160499
ISRG;764.03;768.34;761.09;767.12;164994;126323680
ISSC;3.04;3.09;3;3.08;20552;62655
ISVLF;0.4962;0.502;0.4826;0.502;101266;50044
ITCI;14.56;14.61;13.88;14.13;592696;8412673
ITEK;1.85;1.882;1.75;1.8;959725;1730672
ITIC;156.07;158;153.71;158;3576;560433
ITKG;0.0511;0.055;0.05011;0.054;535007;27533
ITNS;0.0016;0.002;0.0016;0.002;396000;685
ITPOF;17.6766;17.6766;17.58;17.58;200;3526
ITRI;60.2;60.75;59.8;59.85;126954;7640295
IVAC;12.25;12.6;12.075;12.55;187536;2328243
IVANF;0.04;0.04;0.04;0.04;2000;80
IVPAF;3.6033;3.7;3.6033;3.6222;86303;316180
JACO;0.06;0.06;0.06;0.06;150;9
JAGGF;0.4682;0.4808;0.4682;0.47;18215;8587
JAKK;5.25;5.3;5.15;5.25;85401;445370
JASO;6.49;6.75;6.49;6.7;485872;3245185
JBHT;92.11;92.11;91.02;91.08;749432;68517218
JBLU;20.79;21.24;20.66;21.1;5109573;107454305
JBSS;71.34;71.92;71.07;71.19;50301;3593426
JD;32.2;32.25;31.57;32.01;5253616;168192392
JINFF;2.0237;2.0237;1.9658;1.9658;2500;5030
JJSF;132.57;134.35;132.57;133.33;37261;4973816
JKHY;91.78;92.35;91.5;91.97;295992;27256296
JMBA;8.69;8.75;8.62;8.66;70481;611996
JOBS;38.66;39.225;38.64;38.96;86636;3374315
JOUT;35.4209;35.56;35.14;35.39;16562;585484
JRJC;3.217;3.45;3.217;3.3;146489;490187
JUNO;23.17;23.84;22.86;23.8;1143543;26886150
JVA;4.55;4.575;4.53;4.56;9172;41895
JYHW;0.004;0.004;0.004;0.004;6000;24
KATX;0.0001;0.0001;0.0001;0.0001;228780;23
KATY;0.11;0.11;0.11;0.11;10000;1100
KBLB;0.075;0.075;0.0711;0.0711;219042;16002
KCAP;3.92;3.94;3.89;3.9;74654;291967
KCLI;45.18;45.2;45.18;45.2;8388;379070
KDKN;0.0039;0.0039;0.0039;0.0039;37100;145
KELYA;20.66;20.76;20.27;20.35;111275;2275484
KEQU;22.2;22.6;22.1371;22.6;7675;171952
KERX;5.58;5.75;5.5;5.72;865994;4885662
KEYW;8.83;8.9;8.76;8.88;268966;2377590
KFRC;22;22.35;21.9;22.1;93887;2073705
KGET;0.0002;0.0002;0.0001;0.0002;20995099;4179
KHC;91.17;91.49;90.67;90.7;1194668;108744043
KIRK;12.05;12.42;12.05;12.31;64487;792550
KITE;76.75;79.25;75.81;78.26;871924;67854355
KLAC;96.24;96.66;96.08;96.54;793325;76536871
KLIC;19.56;19.75;19.52;19.66;344551;6766205
KNDI;4.05;4.4;4.05;4.35;570604;2455875
KNKT;0.0011;0.0011;0.0011;0.0011;2400;3
KNSC;0.0003;0.0003;0.0002;0.0003;10240499;2525
KNTNF;0.73;0.7351;0.66;0.6914;58480;41037
KOOL;3.1;3.3699;3.08;3.1357;90486;294220
KOPN;3.89;3.89;3.76;3.83;196081;748155
KOSS;2.08;2.1;2.07;2.09;4855;10135
KPOC;0.023;0.023;0.023;0.023;5050;116
KPTI;12.24;12.3;11.03;11.36;396557;4482076
KTCC;7.15;7.23;7.15;7.19;13401;96116
KTEC;13.2;13.35;13.05;13.15;6761;89097
KTOS;8;8.04;7.82;7.84;1111106;8758113
KVHI;8;8.15;7.9;8;53342;429067
KXPLF;0.1537;0.154;0.1537;0.154;2944;453
KZ;7.42;7.43;7.4;7.42;339997;2522993
LABL;69.85;70.8;69.7;70.35;43010;3021412
LAKE;10.2704;10.8;10.2;10.45;101378;1057030
LAMR;72.88;73.25;72.6;72.82;538993;39253347
LANC;128.41;128.47;127.06;127.6;49905;6374254
LATF;0.0001;0.0001;0.0001;0.0001;100000;10
LAWS;20.45;20.45;19.9;19.95;20216;406369
LAYN;8.5;9;8.47;8.83;101947;906116
LBAI;19;19.2;18.85;19;159117;3025966
LBIX;1.8052;1.8063;1.76;1.7688;8920;15925
LBTYA;35.41;35.73;35.3;35.33;1253093;44488907
LCUT;20.15;20.2;20.1;20.1;7040;141861
LE;20.9;20.9;20.45;20.5;134634;2779837
LECO;85.6;87.31;85.6;86.47;330089;28578747
LEDS;3.17;4.22;2.89;3.33;505873;1876013
LEMIF;0.501;0.53349;0.501;0.5102;34328;17943
LENS;3.14;3.54;3.1;3.16;62000;202248
LEXG;0.0017;0.0017;0.0012;0.0014;132331637;184006
LFAP;0.005;0.005;0.0045;0.0045;8800;40
LFUS;151.73;152.42;150.4801;151.04;92602;14026206
LGCY;2.31;2.36;2.28;2.32;104559;241205
LGCYO;9.65;10.24;9.55;9.74;24181;233485
LGCYP;9.61;10;9.61;9.85;1388;13551
LGND;104.43;106.28;103.72;106.26;137541;14491657
LGNXZ;0.0125;0.0125;0.0125;0.0125;300;4
LIFE;3.3;3.3;3.25;3.25;29935;97770
LIME;1.85;2.03;1.85;2.03;4978;9822
LINC;2.84;2.89;2.74;2.81;43999;123527
LION;21.26;21.4;21.18;21.29;105527;2247235
LITE;48.8;49.3;48.05;48.2;779188;37767735
LIVE;15.62;15.8073;15.06;15.06;5478;84665
LJPC;27.35;27.96;26.56;26.94;383147;10365505
LLEN;0.0134;0.0134;0.0134;0.0134;10400;139
LLNW;2.47;2.525;2.45;2.5;137220;343035
LMNX;18.15;18.53;18.05;18.49;222056;4079029
LMRXF;0.42;0.4367;0.3981;0.4367;112227;45388
LNCE;40.14;40.6;39.9909;40.38;242113;9794532
LNDC;13.55;14.4;13.45;14.25;140304;1976313
LNVGF;0.6741;0.685;0.6741;0.68;23000;15667
LOCMQ;0.0018;0.0018;0.0018;0.0018;100;0
LOCO;12.05;12.4;12.05;12.3;317598;3886153
LOGI;31.36;31.71;31.3275;31.56;547632;17255673
LOGM;100;101.45;98.95;100.4;923628;92714218
LPCN;3.77;3.83;3.75;3.76;36983;139516
LPNT;63.65;63.85;63.05;63.5;254747;16173083
LPSN;6.85;6.9;6.65;6.65;225484;1524233
LPTH;2.65;2.7;2.6101;2.69;171220;457123
LQDT;7.35;7.5;7.35;7.35;60612;449592
LQMT;0.2;0.229;0.2;0.22;1715642;365260
LRAD;1.42;1.44;1.38;1.44;38295;53543
LRAXF;0.74793;0.7576;0.74;0.748;13005;9714
LRCX;128.83;129.815;128.2;129.3;536453;69291368
LRSV;0.12;0.12;0.0736;0.0799;102000;8374
LRTNF;0.4313;0.4365;0.4311;0.4311;896;388
LSCC;6.97;7.01;6.845;6.9;992719;6863529
LSTMF;0.0002;0.0002;0.0002;0.0002;2105;0
LSTR;86.05;86.3;85.25;85.6;168404;14432473
LTBR;1.48;1.48;1.2417;1.25;262235;351399
LUKOY;52.094;52.48;52.04;52.05;51425;2686941
LULU;50.87;51.18;50.505;50.63;3001586;152328809
LUNA;1.77;1.77;1.661;1.74;9967;17247
LUNMF;5.617;5.65;5.611;5.6299;3639;20442
LVVV;0.003;0.0033;0.0027;0.0033;2204713;6515
LWAY;10.11;10.5558;10.11;10.21;44810;462300
LYDIF;0.28;0.28;0.275;0.275;6000;1660
LYSCF;0.0694;0.0704;0.0694;0.0704;27800;1947
LYTS;9.4;9.73;9.4;9.56;17577;168499
MACE;0.3902;0.3902;0.3902;0.3902;3000;1171
MACK;3.25;3.25;3.07;3.08;1920337;6024031
MAGS;7.22;7.49;7.16;7.28;173872;1274880
MANH;48.93;49.5;48.48;48.74;434363;21199163
MANT;33.97;34.595;33.97;34.4;140102;4821273
MAR;91.73;91.73;90.25;91.21;2484316;225826888
MARPS;4.33;4.33;4.33;4.33;110;476
MASI;92.53;93.6;92.44;92.99;269874;25090018
MAT;25.35;25.39;24.875;24.92;3103018;77772749
MATN;0.81;0.81;0.7561;0.8;70300;55530
MATR;3.45;3.55;3.35;3.5;56360;195293
MATW;65.05;65.575;64.65;65.4;80869;5275873
MAXE;0.017;0.017;0.017;0.017;1750;30
MBFIP;26.54;26.54;26.54;26.54;300;7962
MBII;1.74;1.87;1.74;1.75;31734;56218
MBOT;4.95;5.29;4.92;5.29;29715;147365
MBRX;0.848;0.95;0.81;0.84;342687;286930
MBVT;47.3;47.7;47.2;47.475;9864;467791
MCEP;2.32;2.405;2.32;2.35;28781;68039
MCHI;50.34;50.535;50.18;50.39;1103428;55586887
MCHP;73.56;74.26;73.27;74.06;1616664;119388188
MCRI;29.29;29.29;28.76;29.03;31309;905172
MCTC;0.0011;0.0011;0.0011;0.0011;1400;2
MCUJF;7.238;7.35;7.21;7.3033;9300;67656
MDCA;9.05;9.2;8.9;9.05;213889;1929978
MDCE;0.0001;0.0001;0.0001;0.0001;1000000;100
MDCO;49.99;52.5;49.67;51.87;1059677;54534709
MDFI;0.044;0.044;0.035;0.035;2500;96
MDGL;15.11;15.11;15;15.04;5150;77539
MDIN;0.0001;0.0001;0.0001;0.0001;10000;1
MDLZ;44.13;44.38;43.94;44.18;5286824;233585009
MDRPF;0.5913;0.60102;0.572;0.5722;331846;193006
MDRX;12.46;12.56;12.415;12.46;1494370;18652005
MEDT;0.00085;0.0009;0.0008;0.0009;3700261;2988
MEET;5.7;5.71;5.6;5.64;1222252;6899374
MEIP;1.54;1.6;1.5;1.59;163156;252848
MELI;217.53;220;217.0201;219.1;260992;57160914
MEMP;0.1284;0.1389;0.124;0.1337;1080690;138870
MEOH;47.15;48;47.15;47.45;579545;27529819
MFSF;31.45;32.5;31.4;32.1;1901;60197
MGAFF;0.1466;0.1482;0.143;0.1481;32378;4688
MGCD;8.41;8.41;8.2418;8.2418;1929;15930
MGEE;64.65;65.3;64.55;64.7;41795;2709193
MGIC;8.05;8.15;8.0052;8.15;26071;211157
MGPI;54.65;54.97;52.38;52.7;213557;11343568
MGRC;33.19;33.49;33.1;33.36;58445;1945345
MGTI;0.725;0.73;0.6977;0.7041;165058;116671
MHTX;0.03;0.034;0.027;0.031;366771;11175
MHYS;0.0001;0.0001;0.0001;0.0001;100000;10
MIDD;133.07;134.65;132.88;134.5;157418;21097177
MIICF;52.83;53.31;52.83;53.05;2621;139016
MIND;5.01;5.0587;4.72;4.79;9928;48546
MINE;0.002;0.0024;0.002;0.0024;314647;727
MINI;29.4;29.65;28.8001;29.1;143345;4177333
MITK;6.75;7.6;6.75;7.5;727170;5351489
MITSY;292.98;293.0325;291.73;291.88;556;162584
MJNA;0.1215;0.1225;0.12;0.121;5578542;672734
MKSI;67.3;68.35;67.2;68.3;220769;14977661
MKTAY;35.24;35.3;35.15;35.22;6496;228721
MKTX;180.3;183.715;180.3;182.73;92174;16824858
MKTY;1.03;1.08;1.03;1.08;528;553
MLAB;127.51;129.1;127.51;128.42;3877;497277
MLCO;19.5;19.53;19.29;19.43;4316211;83998645
MLHR;31.3;31.7;31.3;31.55;200479;6316103
MLNK;1.67;1.695;1.58;1.6;85528;139959
MLNX;51.45;52.65;51.3;51.8;353766;18364628
MMLP;19.7;19.88;19.65;19.65;124386;2452421
MMSI;28.3;28.425;28.05;28.3;237386;6714979
MNDJF;0.4465;0.4465;0.4347;0.4347;410700;180241
MNDO;2.39;2.45;2.36;2.41;64694;157911
MNDP;0.0001;0.0003;0.0001;0.0002;46744287;10430
MNKD;1.56;1.56;1.3;1.33;7268222;10353755
MNOV;5.6;5.65;5.5486;5.62;5270;29507
MNRO;50.5;51;49.9;50;217579;10917553
MNST;45.74;45.91;45.34;45.85;1432726;65515747
MNTA;13.45;13.7;13.275;13.5;479405;6479710
MNTR;1.905;1.91;1.56;1.7;475164;823815
MOBL;4.5;4.5;4.3;4.4;173063;762818
MOCO;22.39;22.55;22.3;22.35;5054;112934
MORN;76.52;77.69;76.29;77.66;50496;3899001
MOSY;2.15;2.15;2;2.0504;40381;82423
MPWR;90.86;92.0488;90.48;91.73;145378;13321977
MQXDF;0.0833;0.0833;0.0831;0.0831;20500;1707
MRCY;37.98;38.79;37.91;38.78;422013;16193734
MRDDF;0.08;0.08059;0.06989;0.0789;41200;3168
MRGE;1.5;1.5;1.5;1.5;200;300
MRIB;0.0001;0.0002;0.0001;0.0002;93013492;9422
MRLN;24.8;25.3;24.8;25.05;9522;238360
MRNA;0.37995;0.46;0.37995;0.42;290965;124643
MRTI;70;70;70;70;100;7000
MRTN;22.65;22.975;22.6;22.9;52054;1189452
MRVC;10.2835;10.55;9.95;10.3;15437;157241
MRVL;15.1;15.21;15.0384;15.14;4306220;65137266
MRZLF;1.24;1.4199;1.21;1.3531;176649;232037
MSBF;16.8;16.85;16.75;16.8;3488;58541
MSCC;48.98;49.82;48.65;49.57;891786;44087239
MSEX;36.96;37.77;36.88;37.25;20874;780491
MSFG;32;32.41;31.97;32.33;67913;2192232
MSFT;65.85;65.96;65.44;65.68;12679295;833876105
MSON;11.0564;11.0913;11;11.0913;1000;11056
MTCH;16.61;17;16.54;16.72;988687;16579365
MTEX;15.65;16;15.55;15.55;9004;141854
MTNOY;8.78;8.8499;8.75;8.76;35777;313982
MTP;2.65;2.77;2.5;2.71;38223;101105
MTRX;16.5;16.5;16.1;16.35;114104;1863628
MTSC;52.6;53.5;52.1;53.25;38980;2074558
MTSI;50.67;52.22;50.635;51.38;530346;27359096
MU;28.45;28.855;28.35;28.52;18885753;538481169
MUEL;27.6;27.6;27.6;27.6;1698;46865
MVIS;2.23;2.32;2.17;2.21;605567;1352334
MWSNF;0.3186;0.3186;0.3186;0.3186;2000;637
MXIM;44.54;45.09;44.41;45.02;2060080;92546193
MXWL;5.58;5.63;5.52;5.63;75198;420502
MYEC;0.0035;0.0036;0.0032;0.0036;446432;1499
MYGN;18.28;18.74;18.09;18.69;855966;15933792
MYL;38.86;39.82;38.68;39.6;5917553;233365229
MYNG;0.06;0.06;0.06;0.06;10000;600
MYRX;0.056;0.08266;0.05399;0.08266;10100;565
MZOR;28.59;28.81;27.645;27.82;191099;5340207
NAII;9.51;9.55;9.35;9.5;9525;90300
NANO;29.31;29.61;28.93;29.36;143857;4224832
NANX;0.7;0.7;0.68;0.69;9150;6331
NATH;62.8;64.1;62;62.9;7825;496135
NATI;32.1;32.38;31.85;32.17;193126;6228264
NATR;9.95;10.2;9.9;10;10940;110093
NAVG;52.95;52.95;52.1;52.25;63009;3301640
NAVI;14.56;14.79;14.46;14.68;1744903;25603747
NBIX;40.25;41;39.5;40.88;1080961;43548689
NBTB;36.55;36.93;36.41;36.67;91719;3364428
NCEN;0.001;0.001;0.001;0.001;350;0
NCMGY;18.04;18.72;17.99;18.1;18466;335776
NCTY;0.99;1.09;0.99;1.04;132781;139867
NDAQ;68.77;69.58;68.74;69.22;503405;34865439
NDRM;26.25;26.5057;25.8;26.15;78661;2045205
NDSN;121.36;122.78;121.36;122.22;138979;16977136
NEO;7.69;7.96;7.65;7.91;227364;1780409
NEOG;61.53;62.27;60.9;61.94;87088;5395133
NEOM;0.0001;0.0001;0.0001;0.0001;5775000;578
NEON;1.5;1.54;1.43;1.44;145744;217246
NEPT;1.02;1.03;1;1.0201;77107;78395
NESV;0.001;0.001;0.001;0.001;200;0
NETE;0.89;0.89;0.81;0.85;121448;101404
NEWC;0.0117;0.0117;0.0105;0.0106;3471013;37538
NEWLF;0.0001;0.0001;0.0001;0.0001;2057000;206
NEWT;16.4;16.63;16.39;16.45;73074;1205298
NFLX;143.79;143.89;142.71;143.11;2663190;381747539
NGLOY;7.51;7.62;7.49;7.55;880792;6646251
NGPHF;0.2397;0.2397;0.2397;0.2397;525;126
NHTC;28.12;28.7;27.9764;28.63;20385;577929
NICE;67.98;68.39;67.58;67.83;87136;5926492
NICK;10.44;10.62;10.44;10.56;1552;16379
NILSY;15.7401;15.93;15.74;15.84;8851;140099
NKTR;20.86;21.07;19.65;20.11;3543593;70927313
NLNK;17.5;17.5;15.6;16.19;1460605;23830789
NLST;0.95;1;0.9499;0.9499;53515;51245
NMRX;4.5;4.64;4.38;4.56;200642;889970
NNBR;24.95;25.25;24.65;25.1;150784;3770959
NOBH;16.05;16.05;16.05;16.05;400;6420
NOVCQ;0.1212;0.139;0.1212;0.13205;33801;4176
NOVN;5.98;5.98;5.58;5.67;80674;466352
NOVT;27.3;27.35;27.1;27.15;82045;2234087
NRIM;30.05;30.45;30;30.25;26188;791553
NRPI;0.0006;0.00066;0.0005;0.0005;999999;551
NSAV;0.0007;0.0008;0.0005;0.0007;96409192;63251
NSFC;0.7801;0.7801;0.7801;0.7801;800;624
NSIT;41.41;42.66;40.72;41.59;194418;8022970
NSRGY;74.465;75.11;74.29;74.7;241170;18021379
NSSC;10;10.1;9.9;10.05;22243;222883
NSYS;3.66;3.66;3.59;3.61;6600;24068
NTAP;40.97;41.085;40.735;40.8;2456054;100388721
NTCT;37.55;38;37.4;37.5;244378;9208799
NTCXF;0.19;0.19;0.174;0.174;47826;8758
NTDOY;29.055;29.31;28.93;29.16;324747;9453913
NTEK;0.05;0.075;0.046;0.053;3425056;181003
NTES;274.99;280;273.51;277.22;638428;176843967
NTGR;49.1;49.5;48.75;49.1;204883;10073109
NTLA;13.75;13.91;13.55;13.67;98497;1345511
NTNX;18.47;18.9001;18.29;18.63;2179236;40581364
NTRI;54.1;54.42;53.45;54.3;267987;14465200
NTRS;85.83;86.77;85.41;86.09;387179;33366401
NTWK;4.9025;5.6;4.9025;5.45;340263;1731149
NUAN;16.75;16.96;16.75;16.89;1519403;25631430
NURO;0.61;0.64;0.5202;0.596;91688;52952
NUSMF;0.17;0.175;0.1654;0.17;53350;9123
NUTR;29.6;31.15;29.6;30.75;18387;558645
NVAX;0.8505;0.9399;0.8131;0.8963;9159053;8108445
NVCN;1.66;1.72;1.6;1.67;598923;997557
NVCR;11.05;11.65;10.85;11.35;1443324;16209860
NVDA;101.02;101.73;99.72;100.33;9575072;961524006
NVEC;79.3;82.71;78;81.52;19260;1565437
NVGN;1;1.0699;0.9568;1.04;51897;53420
NVIV;3.85;3.85;3.65;3.7;192147;718090
NVLN;10.61;10.7;10.59;10.64;39827;424462
NVLS;2.81;2.89;2.79;2.84;99595;281660
NWBO;0.23;0.2425;0.223;0.22448;1184338;272851
NWGC;0.0001;0.0001;0.0001;0.0001;700000;70
NWPX;14.09;14.54;13.84;13.85;50762;715207
NWTT;0.0002;0.0002;0.0001;0.0001;804989;91
NXPI;104.5;104.8;104.45;104.55;3504611;366814758
NXRA;0.001;0.001;0.001;0.001;100;0
NXST;68.8;69.25;68.325;68.8;250549;17248822
NYMX;4.3;4.5;3.91;4.08;671824;2849735
NYNY;24.3;24.35;24.2;24.2;702;17049
OBCI;4.66;4.75;4.56;4.75;5060;23248
OCANF;3.35099;3.35099;3.1741;3.1975;41741;135294
OCFC;27.23;27.29;26.85;27.13;58050;1574012
OCLG;0.0003;0.00051;0.0003;0.0005;239123578;94601
OCLN;0.004;0.0042;0.0035;0.0038;3079227;11408
OCLR;9.29;9.35;9.07;9.08;12286038;113185188
ODFL;83.45;83.98;83.03;83.24;224568;18745593
ODP;4.81;4.865;4.71;4.78;5155601;24633168
OFIX;36.47;37.765;36.24;36.4;65328;2379149
OGXI;0.3933;0.4116;0.382;0.386;151811;59178
OGZPY;4.44;4.47;4.42;4.44;277120;1231002
OHGI;0.28;0.3197;0.28;0.295;73457;21237
OHRP;0.68;0.6911;0.65;0.6615;176512;116032
OIIM;2.2586;2.35;2.24;2.3;17379;39491
OKSB;25.3;25.8;25.3;25.6;66740;1702712
OLED;84;85.65;83.8325;84.45;344507;29176096
OMCL;40.55;40.75;40.3;40.35;79350;3210561
OMCM;0.24;0.24;0.24;0.24;1000;240
OMER;16.52;16.62;16.061;16.48;593425;9709395
OMEX;3.76;3.895;3.58;3.67;19125;70160
OMNT;12.3;13.61;11.7654;13.27;41116;528022
ONCE;51.36;51.6;50.31;51.12;168890;8617805
ONCS;1.25;1.25;1.195;1.2;89602;109344
ONCYF;0.54;0.562;0.51;0.55;231854;124310
ONSM;0.34;0.34;0.34;0.34;100;34
ONVO;3.01;3.07;3.01;3.07;532567;1620557
OOAG;0.0005;0.0005;0.0005;0.0005;100000;50
OPGN;1.06;1.09;1.04;1.06;104141;110620
OPHC;3.29;3.4;2.91;2.98;35001;110453
OPHT;3.16;3.24;3.07;3.21;555199;1754935
OPK;7.6;7.76;7.51;7.59;3975310;30146319
OPNT;7.33;7.33;7.1;7.25;1300;9390
OPTT;2.13;2.17;2.1;2.15;50808;108025
OPXA;0.7074;0.7074;0.66;0.69;94520;64168
ORBK;31.5;31.565;30.89;31.18;273006;8518157
ORBT;4.25;4.25;4.25;4.25;800;3400
OREX;2.5;2.73;2.415;2.65;568811;1498355
ORIG;0.2527;0.2698;0.24;0.2405;1790228;450091
ORLY;255.54;256.1;252.6;253.19;657008;166760452
ORMP;6.18;6.35;6.16;6.35;4775;30016
ORVMF;0.1659;0.1659;0.1575;0.1575;72900;11561
ORYN;0.0009;0.0009;0.0009;0.0009;1000;1
OSBC;11.05;11.2;11;11.15;57281;639002
OSIR;4.92;5.01;4.85;4.88;80504;395512
OSIS;70.12;70.12;69.46;69.8;141660;9877668
OSTK;17.25;17.55;17.25;17.4;18754;326144
OSUR;12.53;12.95;12.5;12.51;936782;11882266
OTCM;21.01;21.25;21.01;21.25;3214;67646
OTEX;33.36;33.42;32.8;33;677694;22341004
OTIC;12.05;12.75;11.85;12.6;548326;6668704
OTIV;1.59;1.68;1.561;1.59;34467;55880
OTTR;37.8;38.35;37.8;37.9;91732;3489680
OTTV;0.00165;0.0021;0.0016;0.0017;11574148;20277
OXIS;0.0195;0.027;0.0162;0.0235;14985831;335172
OXLC;11.19;11.19;11.0202;11.04;90561;1003973
OZRK;49.86;50.28;49.225;49.79;1017121;50589757
PAAS;18.32;18.42;17.8;18.02;1717797;31143617
PACB;4.98;5.1;4.85;5.1;760851;3798524
PACW;52.56;53.105;52.1579;52.76;737490;38861249
PALDF;4.0713;4.29;4.0639;4.2888;600;2484
PARS;0.02;0.03;0.02;0.03;2708;79
PATK;62.9;64.35;62.875;63.65;169929;10802296
PAYX;58.17;58.335;58.02;58.19;1082393;63017147
PBCT;17.8;17.925;17.725;17.84;2115480;37703809
PBHG;0.0001;0.0001;0.0001;0.0001;10000;1
PBMD;2.47;2.5;2.43;2.5;7225;17932
PBYI;34.7;35.9;34.1;35.65;641484;22539848
PCAR;67.08;67.79;66.83;67.16;1054603;71072917
PCBC;8.05;8.05;8.05;8.05;5750;46288
PCHM;0.47;0.47;0.47;0.47;800;376
PCLN;1773.94;1773.99;1761.26;1769.56;177912;314729105
PCRFY;11.4203;11.48;11.41;11.42;103323;1181274
PCRX;46;47;45.55;46.15;812346;37484109
PCTI;7;7.21;6.9404;7.07;103460;735913
PCTY;38.15;38.63;38.006;38.51;119029;4562793
PCYO;5.55;5.6;5.5;5.55;5413;30085
PDCE;62.39;63.19;61.97;62.37;579248;36219348
PDCO;44.6;44.93;44.4;44.51;360370;16042081
PDEX;4.4883;4.4883;4.45;4.45;1364;6103
PDFS;22.74;22.93;22.5;22.6;66330;1500462
PDLI;2.12;2.14;2.04;2.06;2685756;5587484
PDMI;0.0002;0.0002;0.0001;0.0001;10010199;1751
PEBK;27.88;29.75;27.88;29.74;1000;28874
PEBO;31.24;31.61;31.04;31.52;16844;528592
PEGA;43.15;43.525;43;43.35;246176;10677120
PEIX;7.05;7.2;6.9;7.05;358776;2519800
PENN;18.41;18.6;18.34;18.55;1660899;30679524
PERY;20.43;20.6;20.1216;20.3095;57736;1173993
PESI;3.15;3.15;3;3;14848;45176
PETS;21.11;21.36;20.96;21.34;204915;4348238
PFBC;51.62;51.65;50.74;51.21;43768;2236993
PFBI;21.29;21.3;21.08;21.1;4448;94408
PFI;30.37;30.515;30.26;30.5;12968;394667
PFIN;6.9;6.9;6.84;6.8408;744;5108
PFPT;75.45;75.54;73.58;73.6;550478;40833204
PFSW;6.16;6.2498;6.08;6.11;55235;339341
PGAS;0.02715;0.03;0.026;0.03;57726;1533
PGJ;33.96;34.13;33.73;34.091;2716;92366
PGLO;0.006;0.008;0.006;0.008;1170;9
PGNPQ;0.041;0.047;0.041;0.0452;228528;10259
PGNX;8.5;8.53;8.3;8.47;875898;7357283
PGUS;0.0234;0.0245;0.0205;0.0234;600856;13624
PHII;12.76;12.76;12.2;12.2;300;3772
PHIIK;12;12.29;11.97;12.04;27020;328233
PHMD;1.45;1.527;1.37;1.52;28050;40610
PHO;25.97;26.05;25.85;25.95;28517;741029
PHOT;0.00985;0.013;0.006;0.0098;9694275;90949
PHRX;0.0014;0.002;0.0012;0.0016;40894;77
PI;29.67;30.525;29.28;29.52;431842;12933040
PICO;13.45;13.7;13.45;13.6;38637;523947
PID;14.99;14.999;14.931;14.945;169306;2533079
PIO;22.49;22.627;22.49;22.56;21889;493891
PIRGF;2.5276;2.54;2.42;2.45;33196;82415
PIRS;2.435;2.45;2.33;2.37;121409;288071
PKBK;21.45;21.6;21.45;21.5;2960;63604
PKOH;36.1;37.6;36;37.5;33510;1242384
PLAB;10.45;10.9;10.45;10.8;384330;4124180
PLAY;59.6;60.22;59.13;59.67;489410;29152269
PLCE;111.95;111.95;108.9;109.55;352535;38786866
PLGTF;0.4158;0.4273;0.409;0.409;23550;9836
PLPC;52.08;52.6;51.43;51.43;600;31294
PLUG;2.08;2.15;2;2.03;12834904;26693218
PLUS;65.15;65.35;64.45;64.85;20440;1326219
PLXS;57.22;57.63;56.94;57.28;92625;5305372
PMBC;7.45;7.5;7.4;7.4;2935;21866
PMCB;0.09645;0.0999;0.0931;0.0941;653225;62122
PNFP;62.6;63.75;62.2;63.65;175857;11123757
PNLYY;4.62;4.63;4.61;4.61;2444;11312
PNNT;8.07;8.07;7.96;7.97;319647;2558124
PNRA;312.55;312.74;311.99;312;2070954;646965681
PNTR;9.37;9.45;9.15;9.15;1100;10186
POEFF;1.22;1.22;1.2;1.2;4200;5066
POLR;0.001;0.001;0.001;0.001;100;0
POOL;118.43;119.1699;118.175;118.52;136619;16192755
POOSF;0.0007;0.0016;0.0007;0.0016;1000;1
POWI;64;65.225;64;65;74353;4816454
POWL;34.06;34.26;33.76;33.78;24529;831818
PPBI;36.25;36.6;35.95;36.4;146974;5327686
PPC;22.77;22.9;22.625;22.69;711564;16161640
PPHM;0.635;0.6479;0.6154;0.644;1372075;865867
PPHMP;22.16;22.45;21.85;22.39;24473;540079
PPIH;8.05;8.15;8;8.1;4669;37451
PPJE;0.0001;0.0001;0.00001;0.0001;21579999;1009
PRAA;31.9;31.95;31.5;31.85;338791;10750351
PRAH;64.71;65;64.305;64.62;174683;11291782
PRAN;2.85;3;2.8;2.99;74087;214232
PRCP;8.68;8.8;8.44;8.59;59424;515077
PREGF;0.001;0.001;0.001;0.001;17000;17
PRFT;16.89;17.22;16.72;17.08;113382;1929515
PRGS;29.61;29.865;29.54;29.69;518279;15400822
PRGX;6.255;6.3;6.0853;6.2;19190;119059
PRKR;1.95;1.95;1.85;1.95;148742;282507
PRLX;0.24;0.24;0.24;0.24;4000;960
PRMW;13.05;13.12;12.86;13.02;129004;1681390
PROV;18.59;18.66;18.321;18.63;15826;293914
PRSC;43.78;44.455;43.62;43.82;40238;1767720
PRSS;2.88;3.08;2.82;2.89;62212;181130
PRTA;49.61;50.62;49.01;49.42;172546;8547352
PRTK;22.95;23.35;22.425;22.475;571222;12970383
PRTS;3.31;3.32;3.27;3.31;2696;8907
PRXIQ;2.675;2.72;2.55;2.7;38485;103080
PRXL;61.77;62.1;61.54;61.86;271747;16797538
PSCF;50.0949;50.34;50.069;50.2425;9646;484259
PSCH;78;79.019;78;78.7606;4340;341022
PSDV;1.73;1.73;1.66;1.66;269787;452451
PSEC;9.05;9.13;9.03;9.05;1375171;12483594
PSMT;88.7;89.5;84.25;87;516008;44654943
PSPW;0.065;0.1;0.065;0.1;22673;1513
PSTI;1.46;1.5499;1.46;1.47;263887;396883
PTC;51.99;52.28;51.69;51.89;406376;21119349
PTCT;9.68;9.96;9.57;9.84;504593;4949116
PTEN;25.25;25.4341;24.765;24.84;2298644;57639982
PTGCY;0.341;0.341;0.3295;0.3296;25610;8630
PTIE;0.88;1.06;0.86;0.89;4106463;3978044
PTNR;5.38;5.38;5.371;5.371;473;2542
PTRC;0.9;0.9;0.815;0.82;17654;15385
PTSI;15.07;15.11;15;15.01;5895;88635
PTTN;0.0002;0.0002;0.00001;0.0002;2598476;292
PTX;3.51;3.73;3.35;3.73;99487;359710
PTXP;17.12;17.39;17.01;17.145;20020;344452
PUDA;0.0001;0.0001;0.0001;0.0001;2000;0
PURE;0.95;0.96;0.91;0.94;24488;22670
PVHO;0.076;0.0775;0.072;0.073;305357;22536
PVTB;59.31;59.72;59.31;59.58;691008;41178592
PWOD;42.4;43.4;42.04;42.99;7776;332755
PXLW;4.45;4.47;4.34;4.47;139286;615921
PYPL;42.89;43.175;42.71;43.04;4026671;173070136
PZZA;81.11;81.59;79.5;79.55;685787;55073486
QBAK;4.08;4.45;4.0512;4.25;17693;75683
QBIO;5.595;5.6;5;5.2;172729;908460
QCLN;16.36;16.5579;16.36;16.495;29461;484641
QCOM;56.58;56.6;56.1938;56.32;4537199;255752354
QCRH;42.75;43.05;41.85;42.65;31316;1332110
QDEL;22.7;22.94;22.57;22.71;73189;1668743
QEGY;0.276;0.28;0.276;0.28;8000;2216
QFOR;0.0499;0.06;0.0499;0.0599;83000;4366
QGEN;27.91;28.245;27.86;28.16;695341;19537017
QIWI;16.71;16.71;15.74;16.14;703238;11370665
QQQ;131.99;132.37;131.5;131.97;14594423;1926762969
QSII;14.66;14.935;14.64;14.74;214260;3158940
QTWWQ;0.042;0.042;0.038;0.038;750;30
QUIK;1.6;1.74;1.6;1.695;701684;1182001
QUMU;2.83;2.9;2.7;2.74;25219;70591
QURE;5.66;5.66;5.57;5.62;33514;188040
RACK;0.2;0.2;0.2;0.2;104;21
RADA;1.12;1.18;1.12;1.155;101732;117479
RAMPF;11.2;11.2;11.2;11.2;500;5600
RAND;3.01;3.02;3;3;2350;7067
RARE;58.44;60.11;58.06;58.83;360668;21276760
RAVN;28.9;29.95;28.65;29.3;109162;3182872
RBCAA;33.14;33.69;33.01;33.46;8442;282568
RBCN;0.8;0.81;0.7786;0.81;48907;39350
RBEIF;0.0013;0.0013;0.0013;0.0013;3916;5
RBPAA;3.95;4;3.9;3.91;65295;256127
RBYCF;1.415;1.415;1.366;1.366;6660;9207
RCII;9.46;9.755;9.46;9.6;1335076;12842939
RCKY;10.8;11;10.7;10.8;14799;160747
RCMT;4.7;4.78;4.7;4.74;12978;61293
RCPIQ;0.0016;0.00162;0.0015;0.0016;1223770;1904
RDCM;19;19.2;19;19.1;22459;428849
RDEMF;0.56;0.57;0.55;0.55;119602;66884
RDHL;9.79;9.99;9.3102;9.75;51469;491065
RDWR;15.79;15.89;15.69;15.83;158553;2507268
RECN;13.55;13.8;13.55;13.6;191952;2621228
REDFY;0.12199;0.12199;0.12;0.12;10000;1210
REEMF;0.2201;0.24;0.22;0.24;67905;15238
REFR;1.3224;1.3379;1.27;1.27;64965;84307
REGI;10.1;10.2;9.825;9.95;309405;3085855
REGN;379.6;381.3636;375.61;380.55;580911;219976681
RELL;5.79;5.9;5.76;5.82;22417;130549
RELV;5.85;5.9;5.4263;5.69;23447;132662
RELY;2.6;2.625;2.5;2.55;209233;532455
REVO;0.0001;0.001;0.0001;0.001;1481620;582
RFMK;0.0085;0.0085;0.006;0.007;854031;5981
RGBP;0.046;0.0498;0.04528;0.048;256020;11862
RGCO;21.78;22.3;21.78;22.06;3578;78869
RGEN;33.72;34.35;33.4;34.29;145301;4956351
RGLD;72.17;73.15;71.69;72.07;439112;31800429
RGLS;1.55;1.55;1.45;1.55;537744;801769
RGSE;1.19;1.22;1.17;1.2;130846;157092
RHHBY;31.85;31.97;31.82;31.92;592775;18926051
RICK;17.07;17.23;16.95;17.05;25846;441905
RIGH;0.0002;0.0002;0.0001;0.0001;3183770;365
RIGL;3.03;3.11;2.95;3.09;1033168;3170551
RMBS;12.8;12.91;12.77;12.86;341496;4380480
RMCF;11.2451;11.26;11.2451;11.25;4509;50728
RMRK;0.0001;0.0001;0.0001;0.0001;10000;1
RMTI;6.29;6.44;6.2;6.39;110688;701831
RNET;21.5;22.1;21.475;22;70306;1537815
RNVA;1.3;1.3;1.2412;1.27;163213;206240
RNWK;4.37;4.48;4.3552;4.4;28724;126299
ROBO;31.94;31.98;31.85;31.91;114076;3641520
ROCK;39.55;39.85;39.3;39.7;150240;5954423
ROIAK;3;3.15;3;3.1;20641;63459
ROIC;20.92;21.05;20.815;20.85;459756;9609168
ROLL;93.89;95.28;93.54;94.47;44876;4242463
ROSG;2.55;2.76;2.55;2.71;47962;128282
ROST;63.54;63.58;62.96;63.09;2507723;158436686
RPRX;1.1001;1.16;1.1;1.11;64912;73253
RPXC;12.31;12.38;12.18;12.38;311229;3830302
RRGB;57.4;58.25;57.1;57.2;138067;7957390
RSRT;0.0656;0.129;0.0656;0.129;5250;408
RSYS;3.88;3.99;3.88;3.89;43067;169016
RTIX;3.95;4.1;3.9;3.95;57159;227517
RTK;0.462;0.47;0.44;0.4448;165931;75106
RTRX;18;18.69;17.97;18.67;321469;5898946
RUN;5.16;5.34;5.04;5.34;773346;4082062
RUSHB;31.27;31.75;31.27;31.52;20418;646452
RVLT;7.84;8.25;7.6;8.25;173211;1372128
RVSB;7.18;7.39;7.15;7.35;35358;258211
RWLK;2.05;2.05;1.9;1.95;24924;48680
RXII;0.78;0.81;0.74;0.78;619793;473433
RYAAY;85.34;86.03;85.21;85.82;111863;9578607
SAFM;105.52;106.08;104.25;104.39;470620;49394339
SAFT;68.05;69.35;67.75;69.1;27749;1909682
SAGE;70.81;73.6;69.5011;73.44;307982;22172785
SALE;7.7;7.95;7.6;7.75;327747;2563957
SALM;6.8;7.05;6.8;6.85;40682;280360
SANM;39.95;40.2;39.7;40;390687;15622236
SASR;40.24;40.775;39.9;40.42;88562;3575889
SBAC;120.07;121.56;119.53;121.17;1084087;131206169
SBBP;4.125;4.3;4.05;4.15;25621;105923
SBCF;24.01;24.1;23.79;23.94;223001;5337911
SBGI;40.05;40.225;39;39.85;678246;27022608
SBLK;12.68;12.88;12.068;12.71;977869;12154210
SBOT;1.44;1.46;1.4;1.42;25555;36715
SBRCY;11.47;11.52;11.45;11.47;102212;1173790
SBUX;57.8;58.25;57.55;58.02;5989693;347309323
SCBFF;9.34;9.34;9.34;9.34;200;1868
SCGLY;9.83;9.88;9.816;9.86;38909;383448
SCHL;42.66;43.175;42.455;42.76;80531;3452117
SCHN;19.9;20.5;19.65;20.35;620531;12463970
SCLN;9.75;9.9;9.75;9.85;143756;1414790
SCON;1.64;1.739;1.55;1.72;983984;1629755
SCOR;23.19;24.1;23.19;23.95;656993;15684169
SCSC;37.85;38.1;37.35;38;76544;2900636
SCSS;25.76;25.91;25.33;25.36;738843;18854268
SCVL;23.85;25.19;23.42;25.08;141076;3504966
SCZ;53.76;53.919;53.76;53.8;607060;32677955
SDRG;0.03;0.031;0.02649;0.031;941779;27822
SDSS;0.0011;0.0043;0.001;0.0011;5294696;14569
SDXAY;23.565;23.7;23.565;23.65;1068;25251
SEAC;2.43;2.45;2.36;2.4;35636;86017
SEDG;15.7;15.7;15.4079;15.65;388294;6047951
SEED;2.13;2.3299;2.114;2.24;360941;810637
SEIC;50.55;51.09;50.49;50.79;258731;13150444
SENZ;0.8075;0.815;0.7115;0.7115;6569;5119
SEV;14.09;14.51;13.417;13.75;35338;490658
SFLY;47.88;48.4;46.97;48.35;212737;10262128
SFM;23;23.32;22.89;22.91;1677892;38635786
SFMI;0.0001;0.0001;0.0001;0.0001;100000;10
SFTBF;72.3383;72.3383;72.25;72.25;700;50619
SGEN;63.34;64.47;61.85;63.96;984116;62675962
SGMA;4.95;5.01;4.89;4.92;13641;67429
SGMO;4.4;4.55;4.25;4.3;725666;3164123
SGMS;22.4;22.6;22.0208;22.3;373973;8348266
SGOC;2.6039;2.75;2.4;2.7;12497;32977
SGRP;1.01;1.01;1.01;1.01;2700;2727
SGTZY;5.1301;5.1301;5.1301;5.1301;500;2565
SGYP;4.07;4.31;4.01;4.26;7643448;31739509
SHEN;28.7;29.25;28.15;29.2;117835;3431391
SHLD;11.48;11.63;11.27;11.34;664317;7559700
SHLM;30.35;30.45;29.65;29.65;201377;6008163
SHLO;12.56;12.8965;12.48;12.77;61692;783546
SHOM;0.00125;0.0013;0.0012;0.0012;15355794;18595
SHOO;36.85;37.25;36.7;36.8;380298;14008939
SHOR;6.5;6.5;6.275;6.4;534787;3399623
SHPG;170.81;171.38;168.96;169.38;1077850;183325783
SHSH;0.011;0.0127;0.009;0.009;43700;478
SIAF;3.395;3.9;3.26;3.7;64012;227872
SIEB;3.84;3.85;3.73;3.83;12360;47187
SIEGY;67.73;68.22;67.67;67.98;59478;4042856
SIFY;0.88;0.91;0.876;0.8879;9278;8198
SIGI;44.85;45.15;44.65;44.75;158607;7110835
SIGM;5.75;5.8;5.5;5.5;369604;2083625
SILC;46.49;46.7903;46.2783;46.51;20965;974580
SIMO;47.25;47.4599;45.62;46.2;909048;42501468
SINA;70.62;71.1;69.88;70.6;635595;44815997
SING;0.0505;0.0515;0.048;0.0505;1526021;76457
SIRI;5.15;5.18;5.12;5.16;16558900;85380902
SIVB;180.28;184.03;177.91;182.19;327315;59396588
SKYW;31.5;31.9;30.8;31.15;364341;11359852
SLAB;69.5;70.2437;69.4;69.9;199421;13921137
SLGN;58.29;58.52;57.77;57.81;178160;10326160
SLP;11.1295;11.15;11.0766;11.15;30946;344646
SLRC;22.78;22.88;22.62;22.67;87067;1980475
SLVO;9.16;9.24;9.02;9.05;64179;586938
SMBC;34.15;34.79;33.5767;34.42;17437;600022
SMIZF;13.95;13.95;13.95;13.95;661;9221
SMMT;11.67;13.04;11.67;12;15785;192445
SMRT;2.69;2.7566;2.6;2.6;633850;1679312
SMSI;0.8499;0.86;0.8495;0.86;4410;3766
SMSMY;9.54;9.54;9.54;9.54;100;954
SMTC;32.8;33.5;32.6;33.45;457792;15223073
SMTX;1.2301;1.31;1.2222;1.29;31952;39611
SMXMF;0.00205;0.00205;0.00205;0.00205;250;1
SNBC;24.2;24.4;24.2;24.25;11576;281172
SNCR;23.95;24.03;23.18;24;601527;14259225
SNDY;0.007;0.0077;0.006;0.006;88366;588
SNFCA;6.75;6.85;6.65;6.85;1646;11033
SNH;21.19;21.5;21.14;21.2;3202189;68328238
SNMX;0.9012;0.9548;0.895;0.9301;172750;162285
SNOA;6.8;7.11;6.8;6.86;31876;218629
SNPS;71.25;71.55;71.13;71.46;489363;34937242
SNSS;4;4.05;3.83;3.88;318497;1271173
SODA;51.07;51.31;49.59;50.04;198186;9987959
SOFO;5.2;5.2;4.8636;5.2;1350;6669
SOHU;39;39.11;38.52;39.05;71403;2778259
SONC;25.71;25.98;25.57;25.81;1132510;29239547
SONS;6.7;6.8;6.65;6.71;204116;1371800
SONT;0.0038;0.0038;0.0038;0.0038;50000;190
SORL;4.17;4.4;4.11;4.26;554623;2375912
SPAN;21.675;21.675;21.675;21.675;100;2168
SPAR;7.9;8;7.65;7.9;236921;1862320
SPEX;1.0832;1.11;1.07;1.0817;28772;31285
SPHS;2.51;2.58;2.5;2.58;291907;736669
SPIL;8.02;8.03;7.92;8;140226;1118477
SPKKY;12.67;12.67;12.47;12.61;25357;319733
SPLK;61.01;61.53;60.44;60.95;723224;43980041
SPLS;9.81;9.87;9.66;9.746;7370289;71753007
SPNC;28.45;28.65;27.875;27.95;185345;5197096
SPNS;13.67;13.83;13.64;13.68;33412;457258
SPOK;18.3;18.4;18.05;18.15;93756;1705587
SPOXF;1.6319;1.6499;1.62;1.63;23046;37702
SPPI;6.16;6.24;6.0901;6.2;528137;3260214
SPRL;0.0002;0.0002;0.0002;0.0002;2000000;400
SPRT;2.19;2.22;2.19;2.22;21663;47747
SPTN;34.7;34.92;34.43;34.44;89751;3105668
SPU;5.8588;6.5;5.77;5.84;165565;1012153
SPWR;6.24;6.31;6.1;6.17;2746787;17029248
SQQQ;37.4;37.7993;37.06;37.39;2466193;92070684
SRCE;46.28;46.68;45.84;45.91;30214;1391942
SRCH;0.07235;0.07235;0.07235;0.07235;5000;362
SRCL;82.47;82.99;81.65;81.87;439765;36023465
SRDX;23.1;23.45;23.05;23.2;19529;453035
SRET;14.99;15.03;14.96;14.96;12730;191211
SREV;3.55;3.75;3.55;3.7;138338;506593
SRNE;3.05;3.05;2.9;3.05;359353;1081154
SRPT;29.31;29.37;28.15;28.73;1636935;46916281
SSH;1.95;2.1;1.76;1.79;699040;1342489
SSKN;2.31;5.4;2.31;3.32;2092149;8844417
SSNC;35.07;35.36;34.75;34.81;813587;28370626
SSRI;11.43;11.489;10.92;11.11;1749751;19568619
SSTRF;0.002;0.002;0.001;0.001;11000;21
SSYS;20.26;20.62;20.2;20.46;325183;6649611
STAA;9.5;9.925;9.5;9.8;41449;405518
STB;5.95;5.99;5.9265;5.97;618721;3688371
STBA;33.67;33.86;33.39;33.68;69171;2329101
STBI;16.3;16.3;16.3;16.3;1300;21190
STEV;0.0197;0.0197;0.0183;0.0185;155942;3044
STFC;26.94;26.99;26.65;26.81;45215;1211914
STKL;6.8;6.95;6.8;6.85;257108;1769081
STKR;0.105;0.11;0.1;0.11;20700;2152
STLD;34.08;35.53;34.0105;35.24;3092209;108353886
STLY;0.8001;0.8017;0.77;0.7799;6578;5184
STMP;109.3;110.45;106.125;107.5;423915;45727251
STRA;79.19;80.35;78.55;79.52;46219;3677425
STRS;27.6;27.8;27.15;27.15;2068;56774
STRT;24.495;24.85;23.8346;23.85;19863;483176
STX;46.26;46.97;45.685;46.85;3069595;142663290
STXS;0.5601;0.588;0.5601;0.588;1500;854
SUHJY;15.045;15.14;15.03;15.13;5811;87607
SUNEQ;0.064;0.066;0.059;0.061;2894043;177379
SUNW;1.52;1.57;1.47;1.54;234424;356314
SVA;5.56;5.69;5.56;5.64;25534;143204
SVBI;7.0706;7.1;7.0706;7.1;1200;8514
SVCMF;1.5094;1.5352;1.4794;1.5029;41838;62848
SVFC;0.0001;0.0001;0.0001;0.0001;10000;1
SVMLF;3.8895;4.102;3.86;4.0102;258111;1025190
SWHI;0.0113;0.0124;0.01;0.0114;248580;2737
SWIR;26.4;26.6;26.05;26.1;179696;4712567
SWKS;99.43;102.64;99.11;101.82;2734210;278244211
SWTF;28.1;28.1;27.6;27.6;100200;2810520
SYCRF;2.345;2.35;2.3;2.32;132233;306718
SYKE;28.36;28.44;28.12;28.26;86248;2441090
SYMC;30.51;30.81;30.29;30.81;4848405;148503807
SYMX;0.831;0.85;0.83;0.84;36385;30371
SYNA;50.97;53.11;50.8874;50.93;1323371;68667058
SYNC;3.5;3.55;3.45;3.5;360591;1255221
SYNT;16.79;16.91;16.5428;16.89;364367;6116758
SYPR;1.0889;1.09;1.03;1.08;12788;13484
SYTE;0.083;0.083;0.083;0.083;10217;848
TA;6.05;6.1;6.05;6.1;75572;459035
TACT;8.05;8.2;7.9;7.9;14080;113599
TAGG;0.0001;0.0001;0.0001;0.0001;1000000;100
TALK;0.0006;0.0006;0.0005;0.0005;971455;488
TAST;13.9;14.05;13.85;14.05;221526;3097989
TATT;9.9;9.9;9.85;9.85;420;4148
TAUG;0.0016;0.0017;0.0015;0.0016;3446642;5400
TAYD;13.973;13.973;13.96;13.96;1100;15369
TBBK;4.73;4.91;4.73;4.78;152300;732479
TBIO;0.52;0.55;0.5;0.541;52803;28634
TCBI;81.7;83.5;81.35;82.65;302570;24984236
TCBK;34.51;34.76;34.21;34.46;52887;1821801
TCCO;2.65;2.65;2.65;2.65;0;0
TCRD;9.8;9.91;9.75;9.86;56224;552946
TEAM;31.11;31.43;31.11;31.32;638385;19971263
TECD;89.59;90.74;89.21;90.32;494318;44674095
TECH;100.37;101.17;99.785;100.71;71483;7207719
TEDU;19.1;19.2999;18.97;19.17;59684;1142894
TELL;11.3;12.54;11.14;11.78;824743;9885097
TENX;0.495;0.5;0.48;0.4852;560310;272399
TERP;12.31;12.415;12.24;12.3;458505;5638907
TESO;7.35;7.4;7.2;7.3;137441;1003079
TESS;14.25;14.25;13.65;13.75;17107;237836
TEUFF;0.1769;0.1769;0.171;0.171;2000;348
TGA;1.6;1.6;1.57;1.58;24939;39628
TGEN;3.66;3.77;3.66;3.77;5653;20708
TGICQ;0.022;0.02228;0.022;0.02228;70300;1549
TGTX;10.35;10.6;10.125;10.55;1088434;11316051
THCT;0.6;0.6;0.461;0.6;20228;11579
THFF;46.6;47.05;46.2;46.75;18133;845064
THLD;0.55;0.5695;0.535;0.5605;272349;151362
TICC;7.37;7.4;7.29;7.35;217195;1595408
TILE;18.45;18.7;18.15;18.4;300707;5518212
TITN;15.05;15.5;14.99;15.2;78547;1203060
TIVO;18.65;19;18.4;18.55;458376;8547355
TKECF;3.79;3.886;3.79;3.886;604;2338
TKRFF;0.5737;0.5869;0.5426;0.5566;190425;103949
TLF;8.2999;8.2999;8.2;8.2;8607;70756
TLSYY;17.14;17.15;17.08;17.1;72543;1241476
TLT;121.84;122.25;120.69;120.71;8670246;1051880837
TMMI;0.0535;0.0649;0.0535;0.06262;3600;223
TMRC;0.25;0.25;0.25;0.25;20680;5170
TNEN;0.0098;0.0098;0.00906;0.00906;5000;47
TNXP;4.05;4.4;4.01;4.32;682306;2908769
TORM;7.2;7.2;7;7.2;1480;10456
TORZ;0.12;0.12;0.12;0.12;100;12
TOUR;8.26;8.5;8.26;8.355;129368;1086038
TPIV;4.26;4.3;4.23;4.27;22538;95724
TPNI;0.0002;0.0002;0.0002;0.0002;4070000;814
TQQQ;87.42;88.17;86.43;87.38;1546152;135184877
TRIB;5.55;5.68;5.55;5.59;19677;110155
TRIP;42.29;42.59;42.04;42.06;2783342;117395958
TRMB;31.29;31.47;31.15;31.21;307825;9620158
TRMK;31.21;31.38;30.92;31.23;269764;8412666
TRNS;12.2501;12.65;12.25;12.65;770;9509
TROV;1.05;1.05;0.9;0.9;422479;402348
TROW;69.18;70.05;68.845;69.7;1249493;86933434
TRST;7.85;7.95;7.8;7.85;109294;862383
TRTC;0.2765;0.279;0.2675;0.2681;2981469;807523
TRVN;3.42;3.42;3.28;3.31;683459;2264506
TSBK;22.9;22.9;21.85;22.7;5643;125977
TSCDY;7;7.07;6.98;7.04;58668;412516
TSCO;69.52;70.11;69.21;69.94;1134353;79244158
TSEM;22.45;22.56;22.34;22.34;284612;6383256
TSLA;297.5;302.69;297.15;302.54;3642579;1095523558
TSRI;5.2;5.2;5.2;5.2;600;3120
TSRMF;0.6178;0.6178;0.5935;0.5935;2903;1738
TTD;37.66;37.96;36.9;36.99;288015;10742371
TTDKY;61.325;61.325;61.17;61.29;2126;130259
TTEC;28.8;29.15;28.65;29.1;74801;2170488
TTEK;40.8;41.1;40.6;41;282313;11558041
TTMI;16.39;16.5;16.15;16.15;904547;14722794
TTPH;8.6;8.76;8.28;8.31;543834;4571937
TTWO;57.82;58.525;57.55;58.47;878322;51223656
TUES;3.5;3.6;3.4;3.4;236353;828343
TURN;1.46;1.46;1.42;1.42;35985;51526
TVIX;36.44;38.17;35.62;37.92;5612790;208679786
TWER;0.16;0.16;0.121;0.134;80310;10458
TWMC;1.85;2;1.85;1.9;42155;81310
TWMJF;7.7346;7.77208;7.52;7.6446;220635;1687334
TXCCQ;0.0003;0.0003;0.0003;0.0003;7000;2
TXN;80.3;80.92;80.08;80.53;2347816;189220736
TZOO;9.55;9.7;9.4;9.4;14788;141902
UAHC;0.144;0.1748;0.144;0.1507;44338;6721
UBCP;11.85;12.0422;11.8;12;5413;64631
UBFO;6.95;7.1;6.95;7.1;12881;90781
UBSH;35.01;35.28;34.75;35.15;133134;4673699
UBSI;41.15;41.3;40.6;40.75;516754;21117909
UCBI;26.68;26.83;26.43;26.69;128832;3438760
UCFC;8.18;8.26;8.15;8.22;25804;211869
UCPA;0.0022;0.0024;0.0019;0.0019;317000;693
UCTT;15.58;15.83;15.5;15.63;346521;5437756
UEIC;67.1;67.55;65.1987;67.15;35513;2387072
UEPS;11.6;12.04;11.6;11.71;223983;2636918
UEXCF;0.22;0.2258;0.208;0.2184;19750;4216
UFCS;41.74;42.03;41.62;41.88;84192;3521481
UFPI;95.34;96.04;94.52;95.83;65173;6223185
UFPT;25.3;25.3;24.8;24.9;3885;97034
UGLD;10.8;10.8963;10.48;10.57;667281;7179781
UHAL;361.72;365.26;360.35;361.19;73826;26708261
UHLN;0.0006;0.0006;0.0005;0.0005;4187566;2500
UIHC;15.18;15.18;14.9;14.99;148734;2229925
ULBI;5.25;5.4;5.25;5.35;32880;174979
ULGX;0.002;0.00219;0.002;0.002;14800;32
ULTA;285.21;286.99;283.75;284.5;233774;66708116
ULTI;198.44;199.98;196.36;196.96;127600;25197939
UMBF;73.43;74.53;73.42;74.06;130880;9690409
UMPQ;17.13;17.35;17.01;17.19;1156798;19891679
UNAM;9.65;9.65;9.6;9.6;200;1925
UNDT;0.028;0.1;0.028;0.1;107335;5142
UNFI;43.11;43.53;42.95;43.01;488534;21084691
UNGS;0.0001;0.0001;0.0001;0.0001;400000;40
UNTY;16.45;16.75;16.45;16.75;2243;37426
UNXL;0.76;0.815;0.76;0.8;202298;158697
UPMKY;23.82;23.98;23.81;23.98;3752;89585
URBF;0.0008;0.0008;0.0008;0.0008;99999;80
URBN;22.22;22.5;22.14;22.33;1761461;39351353
URPTF;3.0182;3.0182;2.9338;2.94;23992;70761
URRE;1.89;1.9095;1.85;1.9;441483;828044
USAK;7.08;7.4499;7.08;7.23;39654;287886
USAP;16.872;17;16.68;16.83;27970;470871
USAT;4.45;4.6;4.4;4.6;146764;663053
USEG;0.865;0.9;0.8501;0.851;12302;10720
USEI;0.0007;0.0007;0.00059;0.00069;6931413;4173
USLM;78.52;79.7;78.52;78.92;3469;274478
USLV;16.73;16.8;15.37;15.68;2227521;35717192
UTEK;29.34;29.46;29.18;29.28;833489;24381187
UTHR;122.23;123.13;121.9;122.53;435777;53374337
UTMD;60.85;62.15;60.85;61.5;23596;1451674
UTSI;1.94;1.99;1.94;1.98;10641;20936
UURAF;0.2237;0.2276;0.2132;0.2249;134400;29460
UVSE;0.0001;0.0001;0.0001;0.0001;1000000;100
UWTIF;20.785;21.35;20.785;21.26;107398;2267992
VASO;0.105;0.105;0.105;0.105;950;100
VCEL;2.7;2.7;2.6;2.7;137742;364859
VCYT;8.67;8.885;8.6;8.77;91820;800337
VDSI;12.85;12.85;12.5;12.55;269140;3384920
VECO;28.75;29.05;28.35;28.5;548600;15677927
VELTF;0.003;0.003;0.003;0.003;3000;9
VEOEY;18.375;18.45;18.3;18.39;57367;1053117
VEON;3.83;3.92;3.8;3.86;26670929;102805869
VIAV;10.19;10.21;10.02;10.06;2624522;26490568
VICL;2.21;2.27;2.19;2.2;56292;125296
VICR;16.05;16.425;16.05;16.15;18542;301129
VIVO;13.5;13.775;13.45;13.5;573530;7785622
VLGEA;26.0702;26.92;26.0702;26.79;24191;643319
VLTC;1.12;1.13;1.05;1.06;14094;15418
VNDA;13.5;13.8;13.2;13.75;407955;5510036
VNET;5.42;5.5;5.38;5.39;346417;1872867
VNNHF;0.6333;0.6516;0.62;0.6422;169384;109240
VNQI;53.84;53.97;53.84;53.88;219169;11814496
VNRSQ;0.0774;0.078;0.07;0.073;499652;36568
VOD;25.59;25.67;25.54;25.59;3946789;100996950
VOXX;4.9;4.9;4.6;4.65;42009;200027
VPRO;0.0034;0.0034;0.0034;0.0034;900;3
VREX;32.94;32.99;32.47;32.89;87865;2883460
VRML;1.79;1.9662;1.79;1.92;28475;53343
VRNT;40.75;40.75;40.1;40.45;816717;32964526
VRSN;87.24;87.47;87.06;87.26;459476;40099047
VRTS;106.15;107.8375;105.8;107.2;26323;2820904
VRTX;114.35;117.65;114.07;115.88;1510280;175496259
VRTY;0.0078;0.0078;0.0078;0.0078;12658;99
VSAT;63.01;63.63;63.01;63.28;155473;9854767
VSEC;39.53;41.34;39.1247;41.02;29939;1210906
VSTM;1.89;1.89;1.77;1.83;130570;240193
VTEQ;0.22;0.22;0.22;0.22;700;154
VTGN;1.86;2.05;1.86;2.03;22250;43585
VVIT;0.0195;0.0195;0.0195;0.0195;40000;780
VVUS;1.04;1.06;1.03;1.05;842888;879220
VWSYF;80.59;80.59;80.2701;80.508;1167;93898
VXUS;49.42;49.5408;49.37;49.44;639222;31614851
VYGR;12.93;12.95;12.3882;12.52;45889;581301
WABC;53.85;54.34;53.615;54.08;95097;5135402
WASH;49.15;49.6;48.6;49.1;24604;1208513
WATT;14.4;14.57;14.15;14.55;238531;3436248
WB;49.75;49.97;48.82;49.75;656222;32533132
WBA;81.8;82.94;81.66;82.33;4672790;384744025
WBMD;52.66;52.98;52.51;52.57;223664;11779790
WCST;2.66;2.75;2.64;2.68;130191;349757
WDC;84.06;85.37;83.055;85.17;3579615;302579901
WDDD;0.0236;0.0236;0.023;0.023;60079;1415
WDFC;102.25;106.3;101.75;101.95;229662;23601486
WDRP;0.009;0.009;0.0083;0.0087;1543537;13397
WEDXF;2.42;2.42;2.42;2.42;200;484
WERN;25.35;25.55;25.1;25.45;562607;14285352
WEST;0.0003;0.0003;0.0002;0.0003;3161724;648
WETF;8.92;9.18;8.92;9.05;2491860;22587226
WEYL;4.17;4.2;4.17;4.2;2570;10766
WEYS;28.01;28.55;27.2089;27.87;9502;264841
WFM;30.82;31.58;30.7001;31.07;5900107;184371224
WGPLF;0.215;0.2307;0.215;0.2288;20446;4507
WHZT;1;1.05;1;1.01;5099;5228
WIFI;13.12;13.17;13.0177;13.11;146576;1921205
WIN;5.58;5.68;5.52;5.63;2187885;12305062
WINS;116.02;116.02;103.2;103.2;1300;141103
WINT;0.9211;1.14;0.9211;1.09;333881;346551
WIRE;43.8;44.8;43.75;44.7;40092;1785157
WIZD;0.1701;0.1785;0.17;0.1785;5544;950
WLFC;21.64;22.4289;21.64;22.12;14469;319793
WMAR;9.14;9.54;9.14;9.48;44869;422343
WMGI;30.94;31.11;30.62;30.77;822953;25340124
WMTM;0.00625;0.0075;0.005;0.005;109100;556
WNBD;0.0001;0.0001;0.0001;0.0001;14595426;1460
WNDW;3.01;3.09;2.92;3.08;35741;108312
WNEB;10.05;10.2;9.95;10.15;56565;569092
WOOF;91.84;91.9;91.65;91.71;671097;61596175
WPCS;1.35;1.35;1.3;1.3;19750;26105
WPPGY;106.91;107.37;106.79;106.96;66131;7074916
WPRT;1.14;1.14;1.09;1.12;415892;461402
WPUR;0.0003;0.0003;0.00028;0.00028;109100;33
WRAP;0.02;0.0274;0.018;0.018;712800;17095
WRLD;51.29;51.98;49.39;51.88;90781;4681245
WSBC;37.08;37.69;37.08;37.54;91341;3423081
WSCI;3.2352;3.35;3.2263;3.35;16353;54093
WSFS;45.8;46.45;45.7;46.3;53660;2477230
WSGI;0.0001;0.0001;0.0001;0.0001;80572;8
WSTC;23.8;24.43;23.8;24.41;255513;6165070
WSTL;0.6656;0.6656;0.611;0.6119;389227;250005
WTBA;23;23.55;22.6;23.35;17814;414762
WTFC;67.8;68.59;67.69;68.06;252929;17218900
WVFC;14.62;14.75;14.44;14.44;9871;143803
WYNN;117.77;117.95;116.3;116.83;1237270;144671073
XCRA;8.82;9.02;8.81;9;266452;2386372
XDSL;0.0001;0.001;0.0001;0.0001;40307600;4031
XGTI;1.5;1.51;1.43;1.49;174952;255766
XIV;71.36;72.15;69.5;69.67;16948007;1195868923
XLNX;56.45;57.12;56.31;56.48;2020631;114611344
XOMA;6.27;6.49;6.17;6.44;44268;278332
XONE;9.6;9.74;9.47;9.59;105760;1015576
XPER;33;33;32.15;32.65;534596;17448233
XRAY;63.09;63.3;62.37;62.46;1090897;68309004
XSNX;0.0016;0.0016;0.0014;0.0014;411111;634
XXIA;19.6;19.65;19.6;19.6;202002;3963682
YHOO;46.23;46.53;45.96;46.44;4213267;195264410
YIPI;0.67;0.85;0.62;0.73;181296;127098
YNDX;22.24;22.44;21.6;21.82;4442822;97292485
YORW;34.55;35.35;34.55;34.8;16545;578210
YOSN;0.3768;0.3768;0.3768;0.3768;1800;678
YRCW;10.62;10.7201;10.45;10.47;313796;3310611
YTEN;0.39;0.41;0.39;0.41;10506;4131
YY;46.35;46.4799;45.46;45.97;314895;14490236
YZCAY;9.05;9.09;9;9;27099;245241
Z;34;34.25;33.77;34.12;658987;22473270
ZAAP;0.01957;0.0198;0.01949;0.0198;14000;274
ZAZA;0.06;0.06;0.06;0.06;300;18
ZBRA;92.16;92.96;91.85;92.13;268077;24744488
ZDPY;1.31;1.33;1.31;1.31;2774;3650
ZEUS;18.08;19.72;17.99;19.34;223256;4272899
ZFGN;4.95;5;4.84;4.96;112579;553703
ZG;33.62;34.25;33.62;34.16;216486;7378524
ZGNX;10.45;11.025;10.45;10.7;206264;2231678
ZION;41.14;41.79;40.87;41.52;1611709;66791946
ZIOP;6.14;6.27;6.05;6.24;473366;2918392
ZIV;61.25;61.42;60.59;60.7;79863;4867598
ZIXI;4.81;4.97;4.81;4.94;212622;1044153
ZLTQ;56.43;56.44;56.42;56.42;1163838;65677149
ZN;1.17;1.21;1.17;1.19;70731;83462
ZNGA;2.79;2.865;2.78;2.8;3770798;10651668
ZUMZ;16.65;17;16.5575;16.8;412475;6932618
