AAL;44.79;45.35;43.83;43.96;9020205;401855100
AAME;3.8;4;3.8;3.8;1577;6112
AAON;35.15;35.2;34.2;34.3;78598;2721023
AAPL;141.6;142.15;141.01;141.79;18581378;2630281305
AAXJ;62.86;62.87;62.57;62.86;702567;44053946
AAXN;23.27;23.35;22.34;22.42;793091;17910760
ABAX;47.72;47.78;46.55;47.05;78823;3711591
ABCB;44.65;44.8;43.95;44;57391;2537963
ABCO;47.55;47.75;46.95;47.15;148974;7049314
ABEO;4.85;5;4.75;4.9;132910;642963
ABGOF;0.04;0.04;0.031;0.031;2000;71
ABIO;2.35;2.4;2.3;2.3;15400;36082
ABMD;125.87;126.17;125.27;125.48;120903;15201173
ABTL;11.98;12.0299;11.84;11.86;56206;669491
ABUS;3.35;3.4;3.2;3.3;363958;1193828
ABVG;0.0004;0.0005;0.00028;0.0004;344619156;114937
ACAD;33.06;33.58;32.87;33.09;681114;22576258
ACET;15.37;15.45;14.8;14.89;119544;1785833
ACFN;0.36971;0.3715;0.3411;0.37;33756;12461
ACGL;94.83;94.95;93.84;93.94;134544;12657694
ACGX;0.0023;0.0024;0.002;0.0022;24475834;54299
ACHN;3.69;3.715;3.61;3.62;832896;3027901
ACIA;54.43;54.75;53.25;53.89;747093;40279636
ACLS;18.05;18.05;17.75;17.8;63904;1141120
ACMTA;21;21;21;21;6000;126000
ACOR;17;17.15;16.8;16.9;937866;15884142
ACRX;2.75;2.8;2.5;2.65;528999;1396525
ACTA;13.95;14.075;13.85;13.95;108509;1515993
ACTG;5.4;5.45;5.1486;5.2;174862;906830
ACTL;0.0002;0.0002;0.0001;0.0002;2100000;360
ACUR;0.6;0.61;0.57;0.59;4281;2549
ACWI;63.11;63.12;62.86;63.01;1140959;71856744
ACXM;28.06;28.29;27.66;27.71;132617;3698208
ADAP;5.8;5.87;5.6;5.77;170682;977905
ADAT;1.94;1.99;1.94;1.97;7755;15315
ADBE;129.96;129.96;128.72;129.415;1727545;223442202
ADDYY;93.44;94.56;93.39;94.56;25216;2368762
ADHD;1.12;1.15;1.1;1.11;111886;125450
ADI;78.27;78.45;76.63;76.86;2400048;185257685
ADP;101.73;102.1;101.49;101.96;1352310;137770454
ADRA;29.18;29.18;28.9801;28.9801;4788;138960
ADRD;20.82;20.8623;20.8195;20.8417;1305;27191
ADRE;36.4;36.47;36.2501;36.261;4611;167894
ADRNY;20.23;20.47;20.23;20.45;311133;6350654
ADSK;85.87;86.65;84.99;85.63;2086156;178866103
ADTM;0.0002;0.0003;0.0002;0.0003;1373565;345
ADTN;19.9;19.95;19.55;19.6;190916;3757128
ADVM;2.7;2.8;2.6;2.65;154666;421872
ADXS;7.81;7.88;7.55;7.76;512939;3951343
AEGN;23.3;23.3;22.5;22.61;136606;3104210
AEGY;0.0001;0.0001;0.0001;0.0001;3000000;300
AEHR;4;4.08;3.8389;4.05;193806;763496
AEIS;66.38;66.57;65.2;65.35;193105;12660559
AERI;43.15;43.25;42.4;42.55;254786;10877452
AEZS;3;3.037;2.9;2.95;120977;359575
AFAM;47.2;47.25;46.55;47.05;68469;3219727
AFFY;0.051;0.053;0.051;0.051;19446;1002
AFLYY;7.92;8.0099;7.85;7.9;12232;96961
AFSI;16;16.62;15.31;16.19;8666597;139745609
AGEN;3.21;3.34;3.21;3.24;691345;2266719
AGII;66.3;66.35;64.6;65.6;32256;2120637
AGNC;20.1;20.18;20.06;20.09;2062437;41487018
AGTK;0.0205;0.0215;0.0188;0.01895;4177295;83240
AHFI;0.001;0.001;0.001;0.001;1000;1
AHPI;2;2;1.97;1.97;3592;7095
AIA;52.5;52.5;52.2265;52.41;17422;911268
AINV;6.68;6.69;6.61;6.64;643981;4271457
AIRM;42.9;43.075;42.9;43;1140825;49027616
AIRT;19.35;19.35;19.35;19.35;100;1935
AKAM;58.83;59.09;58.54;58.895;1229059;72312458
AKAO;21.57;22.1399;20.67;20.73;663783;13984505
AKRX;32.77;33.18;32.61;33.005;4698139;154515706
AKSY;0.0001;0.0001;0.0001;0.0001;201;0
AKZOY;28.05;28.06;27.66;27.9;24620;684179
ALCO;27.85;27.9;27.4;27.4;3030;83500
ALGN;115.16;115.5;113.93;114.12;348832;39867889
ALGT;153.8;157.85;153.8;155.05;80264;12500086
ALKS;56.97;57.7;56.8;56.95;398077;22790421
ALLT;4.77;4.8;4.77;4.79;1426608;6819639
ALNY;49.06;50.1;48.54;49.18;636885;31467824
ALOG;72.7;72.9;72.05;72.05;46371;3359459
ALOT;14.6;14.95;14.6;14.7;4401;65030
ALQA;0.468;0.468;0.4118;0.4173;505438;216375
ALRM;30.75;31.18;30.71;31.1;196469;6086359
ALSK;1.98;2.13;1.9373;2.12;694682;1423442
ALVRQ;0.0027;0.0027;0.0027;0.0027;670;2
ALXN;117.09;117.73;114.32;114.57;1020590;117500298
AMAG;22.9;23.2;22.65;22.75;612569;14020336
AMAT;38.35;38.37;37.63;37.77;6143835;232680722
AMBA;52.88;52.9677;51.38;51.64;691972;36003670
AMBS;0.04916;0.04916;0.03998;0.04;279275;11408
AMCN;3.13;3.3;3.05;3.1708;445970;1432201
AMD;12.94;13.1;12.74;12.77;35618329;458794858
AMDA;0.381;0.4;0.3751;0.384;189009;73190
AMED;52.83;52.95;52.27;52.51;185517;9746813
AMGN;164.08;164.1;162.16;163.06;1753922;285783097
AMKR;11.22;11.4;11.16;11.2;1092733;12281109
AMLM;0.038;0.038;0.035;0.038;58550;2168
AMNB;37.075;37.1;36.35;36.35;10037;368162
AMOT;21.3;21.56;20.79;21.03;15284;321351
AMPH;14.63;14.83;14.45;14.76;134737;1976348
AMRB;14.73;14.921;14.73;14.8;28400;421379
AMRI;14.43;15.71;14.041;15.2;1053970;15857115
AMRN;3.13;3.14;3.08;3.1;599864;1864675
AMRS;0.48;0.5975;0.48;0.58;4386934;2365256
AMSC;6.89;7.07;6.84;7.03;65919;458772
AMSWA;10.8;10.8;10.4;10.57;44130;466979
AMWD;89.25;89.25;88;88.75;76443;6770764
AMZN;903.09;904.09;895.2501;896.46;1897125;1707035239
ANAS;0.00281;0.00281;0.00281;0.00281;240;1
ANAT;115.05;115.9799;114.11;115.05;19130;2200079
ANDE;38.75;38.85;37.95;38;65989;2530334
ANDR;0.044;0.048;0.044;0.048;17200;774
ANGO;15.71;15.82;15.47;15.51;314746;4895697
ANIK;43.12;43.3386;42.8901;43.16;78655;3395557
ANIP;50.86;50.93;49.68;50.55;68837;3469724
ANSS;106.06;106.91;104.6501;105.56;189714;20114255
ANTH;0.399;0.41;0.39;0.3913;988588;395414
AOBC;21.88;21.99;21.18;21.19;1218615;26139769
AOIFF;1.668;1.668;1.6531;1.6531;6950;11521
APDN;1.6;1.6;1.55;1.55;18242;28608
APEI;22.3;22.3;21.2;21.325;45556;980117
APOG;57.4;58.69;57;58.08;327537;19043298
APPS;0.93;0.94;0.91;0.9298;49889;46148
APRI;1.8;2.45;1.8;2.2;619332;1371492
APTI;11.3;11.749;11.23;11.63;434927;5011704
AQXP;14.18;14.85;14.06;14.36;136026;1960880
ARAY;4.9;4.95;4.75;4.75;565809;2712963
ARCC;17.56;17.59;17.5;17.53;1216089;21320805
ARCI;1.06;1.06;0.99;0.999;16839;16888
ARCTF;0.8673;0.8689;0.85585;0.8652;3276;2832
ARCW;3.85;4.1496;3.85;4.05;1695;6884
ARDM;1.56;1.5713;1.5333;1.5333;6175;9539
ARDX;11.8;11.95;11.5827;11.8;110513;1297440
AREX;2.61;2.6376;2.52;2.58;881929;2262455
ARGS;0.3571;0.3799;0.333;0.362;647190;224382
ARIOQ;0.0001;0.0001;0.0001;0.0001;100000;10
ARKAY;99.5;99.5;98.65;98.65;3958;392000
ARKR;25.01;25.4;24.8883;25.03;1300;32641
ARLP;22.5;22.75;21.7;21.95;162021;3565968
ARLZ;1.72;1.76;1.54;1.56;1621760;2595604
ARNA;1.44;1.45;1.41;1.42;972427;1387282
ARNGF;1.88;1.91;1.88;1.91;5924;11176
ARNH;0.0002;0.0003;0.0002;0.0002;7097088;1422
AROPQ;0.03;0.03;0.03;0.03;2400;72
AROW;33.75;33.75;32.9;33.1;9784;325081
ARQL;1.13;1.13;1.04;1.08;132258;143602
ARRS;26.6;27.21;26.14;26.39;1837345;48707348
ARRY;8.43;8.5;8.28;8.345;1901564;15888360
ARTH;0.585;0.5969;0.58;0.583;506043;295524
ARTNA;35.67;35.67;35.37;35.5;8690;308466
ARTW;3.4;3.4;3.4;3.4;0;0
ARWR;1.68;1.685;1.64;1.65;540143;894084
ASAB;0.0001;0.0002;0.0001;0.0001;1300100;160
ASBN;14.501;14.501;14.501;14.501;900;13051
ASFI;7.45;8.05;7.45;7.9;96787;756405
ASML;129.75;129.97;128.3;129.01;349016;45085180
ASNA;4.08;4.13;3.97;3.98;1711063;6897583
ASRV;3.845;3.85;3.81;3.8134;4377;16791
ASTC;1.2201;1.33;1.2201;1.261;27523;35694
ASTE;62.24;62.24;60.55;60.58;50981;3124792
ASTI;0.00165;0.0017;0.0015;0.0017;38686396;61999
ASUR;9.85;9.96;9.85;9.9;49161;486618
ASWRF;0.06393;0.0728;0.06393;0.0675;50900;3384
ASYS;5.43;5.5;5.25;5.41;12991;70629
ATADF;0.4477;0.4562;0.425;0.4547;49180;21995
ATEA;2.6;2.6;2.6;2.6;100;260
ATEC;2.1727;2.4924;2.12;2.21;196526;443625
ATGN;0.21;0.26;0.21;0.26;300;73
ATHX;1.48;1.53;1.43;1.44;1044928;1539783
ATLRF;0.0425;0.0425;0.0423;0.0423;1000;42
ATLS;0.1881;0.1965;0.168;0.1877;430983;76542
ATOS;0.7;0.81;0.671;0.7;2553611;1938515
ATRI;482.6;482.6;476.05;479.45;3609;1729919
ATRM;1.28;1.37;1.25;1.37;1425;1845
ATRO;31.99;31.99;31.0961;31.35;60268;1890827
ATRS;2.81;2.82;2.76;2.81;521298;1452774
ATSG;16.62;16.62;16.39;16.47;142252;2342949
ATTBF;0.243;0.243;0.22;0.237;1424867;329012
ATTU;7.54;7.8499;7.21;7.51;33341;246386
ATUSF;9.0952;9.188;9;9.11;15313;139044
ATVI;48.91;49.02;48.44;48.64;3308090;160965349
AUDC;6.9;7.01;6.79;6.82;49656;342462
AUNFF;0.272;0.2808;0.2701;0.2808;10250;2838
AUPH;7.1;7.12;6.9;6.93;2470649;17196995
AVAV;28.26;28.2619;27.51;27.67;75608;2097609
AVCVF;0.02;0.023;0.01255;0.023;27200;543
AVDL;9.52;9.71;9.38;9.58;163010;1564791
AVEO;0.605;0.605;0.59;0.5972;236100;140676
AVEW;0.006;0.0066;0.0045;0.0066;1878488;11009
AVGO;215.67;216.135;208.44;209.13;5148713;1083885805
AVHI;15.95;16.4;15.75;16.3;36976;595094
AVLNF;0.1151;0.12;0.1111;0.1191;34050;3884
AVMXY;1.5101;1.61;1.51;1.61;4800;7407
AVXL;6.25;6.3;6.01;6.17;529723;3269388
AWCMY;5.35;5.39;5.35;5.39;7306;39222
AWGI;0.0001;0.0002;0.0001;0.0001;71042425;7156
AWNE;0.0017;0.0017;0.0017;0.0017;300;1
AWRE;4.6;4.7;4.6;4.65;10383;48384
AXDDF;0.995;1.0518;0.964;0.9925;69853;70806
AXTI;5.65;5.825;5.55;5.75;761021;4291106
AZPN;58.89;59.03;58.49;58.695;323746;19007083
BABY;39.1;39.2;38.3381;38.8;138179;5350399
BAJFF;0.11;0.11;0.11;0.11;500;55
BALMF;0.604;0.604;0.5808;0.598;47932;28614
BANF;89.85;92.95;87.8;88.15;14184;1256178
BANR;54.48;54.49;53.335;53.48;68160;3665467
BARZ;0.05124;0.05124;0.045;0.051;163200;8169
BASFY;97.15;97.39;96.85;97.38;20302;1971125
BASI;1.15;1.218;1.15;1.1741;28457;33636
BAYRY;112.75;113.22;112.49;113.06;40730;4595208
BBBY;39.02;39.215;38.4;38.46;2036697;78809880
BBDA;0.0002;0.0002;0.0001;0.00015;56570;6
BBEPQ;0.05705;0.06335;0.0563;0.059;1751906;103492
BBGI;12.4;12.7;11.9;12.7;10718;132674
BBOX;9.35;9.55;9;9.4;81666;761286
BBRY;9.09;9.19;8.8;8.935;41939092;377541610
BBSI;54.84;55.56;53.99;54.23;28565;1558771
BBXT;6.199;6.23;6.199;6.23;627200;3888516
BCEKF;1.7073;1.7296;1.69;1.6966;26300;44929
BCOR;17.05;17.2;16.7;16.95;214157;3635313
BCOV;8.65;8.65;8.25;8.3;107974;910235
BCPC;77.86;77.94;76.69;76.93;51234;3953396
BCRX;7.22;7.28;6.77;6.81;1019779;7136151
BDE;5.45;5.5;5.4;5.45;89915;489007
BDRAF;1.8871;1.8901;1.74409;1.74409;16165;29820
BDSI;1.7;1.75;1.7;1.7;436792;753794
BEAT;30.8;30.8;30.018;30.65;389466;11891145
BEAV;65;65;64.4;64.47;331719;21407066
BEBE;4.05;4.05;3.9328;3.97;2560;10239
BELFB;23.4;23.4;22.355;22.5;16237;369285
BEVFF;1.96;1.96;1.95;1.95;411;805
BGCP;10.92;10.94;10.79;10.85;900953;9772072
BGFV;15.55;15.55;15.15;15.3;200280;3068756
BGMD;0.07;0.07;0.07;0.07;1700;119
BIB;46.69;47.16;46.32;46.72;112366;5252127
BIDU;172.47;174.87;172.33;173.61;1007991;175166723
BIEL;0.00065;0.0007;0.00059;0.0007;76953594;49424
BIGG;0.0014;0.0014;0.0014;0.0014;89500;125
BIIB;270.37;270.64;267.77;268.85;827810;222747512
BIOC;1.87;1.8999;1.84;1.86;228124;424276
BIOL;1.25;1.29;1.25;1.28;8200;10464
BIOP;4.13;4.2399;4.07;4.13;15092;63149
BIOS;1.5;1.5;1.39;1.41;1027467;1461047
BIS;28.62;28.92;28.4489;28.71;54470;1560727
BITCF;0.36;0.38;0.34185;0.365;738321;261596
BIVV;56.95;57.5553;55.58;56.72;987110;55669540
BJRI;40.45;41.4;40.1275;41.3;544880;22359090
BKEP;6.9499;6.95;6.8;6.8;13727;94337
BKSC;20.7028;20.95;20.45;20.95;10322;214485
BKSLF;0.0001;0.0001;0.0001;0.0001;5000;0
BKYI;2.25;2.4;2.25;2.4;1469;3440
BLCM;12.91;13.45;12.71;12.95;635919;8335393
BLDP;2.9;2.91;2.76;2.79;2607151;7330388
BLDR;15.34;15.37;14.95;15.07;668605;10101886
BLIAQ;0.009;0.01;0.009;0.01;24000;237
BLIN;0.8;0.802;0.76;0.7893;115767;90304
BLKB;77.18;77.57;76.55;77.03;82971;6400252
BLMT;28.3;28.5;27.95;28.4;11413;323887
BLRX;0.862;0.88;0.852;0.8794;409538;354153
BLUE;85.05;86.4;84.1;84.15;303590;25827639
BMBM;0.009;0.009;0.009;0.009;3000;27
BMNM;2.7;2.74;2.7;2.73;7600;20730
BMRN;88.94;89.19;87.84;88.41;621103;54871996
BMSN;0.0001;0.0001;0.0001;0.0001;10912000;1091
BMTC;39.6;40;38.9;39.65;42240;1673750
BNCC;26;26.125;25.75;25.75;1620;42054
BNSO;2.49;2.54;2.401;2.45;14091;34599
BOBE;63.4;63.55;62.8;63.03;215702;13610730
BOFI;24.75;25.06;24.52;24.65;584123;14483528
BOJA;20.45;20.45;20.1;20.2;108151;2184884
BOKF;76.87;76.99;75.95;76.05;88630;6759125
BONT;0.64;0.648;0.603;0.6099;74832;46551
BONZ;0.0019;0.0024;0.0019;0.00235;829100;1673
BOOM;12.9;12.9;12.3;12.5;26195;328297
BOSC;2.1;2.18;2.06;2.09;48869;104066
BPFH;16.15;16.4;15.9;15.95;361981;5820317
BPOP;39.89;39.96;38.935;38.96;357223;13998158
BPTH;0.64;0.6599;0.54;0.5623;368858;214191
BRCD;12.5;12.5;12.42;12.45;5509628;68621229
BREW;13.05;13.15;12.95;13;83940;1092436
BRID;10.97;11.4;10.9577;11.4;1346;15194
BRKR;22.38;22.38;21.96;22.04;379807;8383623
BRKS;21.76;22.08;21.65;21.705;552271;12043637
BRSE;0.0003;0.00035;0.0003;0.0003;33099000;9931
BSET;27.85;27.95;27.4;27.7;15575;432316
BSPM;2.2201;2.29;2.2201;2.27;4244;9552
BSQR;5.25;5.25;5.15;5.15;7900;40915
BSRAF;0.0021;0.0021;0.0012;0.0012;114000;168
BSTC;52.2916;53.115;50.88;51.57;15247;791086
BUSE;28.74;28.99;28.27;28.38;60828;1729106
BV;4.25;4.475;4.2;4.3;457226;1984885
BVSN;4.4;4.65;4.25;4.65;5977;26417
BWINA;23.15;23.21;23.15;23.15;2000;46319
BWINB;24.5;24.5;24.05;24.4;12029;293197
BWLD;151.6;153.25;150.9;151.4;268586;40766241
BYDDF;5.95;5.99;5.9;5.97;73102;435089
BYDDY;11.8;11.84;11.8;11.84;10168;120283
BYFC;1.79;1.79;1.6936;1.78;800;1417
BYSD;0.0001;0.0002;0.0001;0.0002;281157198;28073
BZTG;0.006;0.006;0.006;0.006;3600;22
CA;31.92;32.0199;31.68;31.705;1578841;50178888
CAAS;4.85;4.94;4.8;4.88;14576;71046
CACB;7.54;7.64;7.48;7.48;55333;417240
CACC;195.8;196.64;192.71;193.685;96873;18763856
CAFD;12.31;12.5;12.241;12.39;520962;6457492
CAKE;63;63;61.9;62.21;369611;23010386
CALA;10.95;11.15;10.75;10.825;277134;3022972
CALD;19.85;20.15;19.3794;19.8;330925;6586621
CALI;2.6;2.6;2.28;2.39;446497;1074589
CALL;8.4;8.5;8.4;8.5;20436;172794
CALM;38.6;38.81;38.1;38.6;242994;9378164
CALVF;1.405;1.41;1.39;1.39;13439;18905
CAMP;16.18;16.18;15.75;15.795;195962;3112027
CAMT;3.8;3.8;3.6573;3.68;14445;54133
CAR;28.43;28.5499;27.75;27.88;1241722;34714046
CARA;18.89;19.089;18.0301;18.18;1941579;35903792
CARB;19.2;19.2;18.6;18.6;183312;3457620
CARE;17.24;17.24;17.2;17.2;67286;1158513
CASH;87.5;87.55;85.25;85.45;27737;2376781
CASI;1.21;1.24;1.13;1.16;39209;45670
CASS;64.01;64.44;62.6701;63.24;10270;652280
CASY;112.25;112.91;111.77;112.2;299312;33549768
CATM;44.2;44.5;43.81;43.85;187902;8269169
CATS;1.81;1.81;1.53;1.56;50940;83447
CATY;36.97;37.34;36.42;36.56;237380;8698862
CBAK;1.6;1.6;1.4;1.4;53312;77514
CBF;42.75;43;41.75;41.95;241364;10223427
CBGDF;0.71355;0.74;0.695;0.71;85150;60212
CBIS;0.062;0.063;0.0561;0.057;50989925;2999378
CBLI;1.5;1.53;1.42;1.53;65660;95992
CBLRF;0.0015;0.0015;0.0015;0.0015;43500;65
CBRL;157.57;157.57;155.5;155.98;140601;21972301
CBSH;55.03;55.03;54.11;54.23;427699;23271783
CCBG;20.88;20.88;20.56;20.63;5957;123439
CCCL;1.9501;1.9538;1.8;1.82;133008;246682
CCEL;4.6501;4.6501;4.65;4.6501;3266;15187
CCGY;0.025;0.025;0.025;0.025;15000;375
CCIH;1.5;1.54;1.46;1.54;23432;35057
CCNE;23.8;23.8;23.01;23.19;17585;409000
CCRN;14.16;14.29;14.02;14.1;121090;1709761
CCUR;4.8175;4.94;4.8175;4.89;8327;40422
CDK;64.85;65.28;64.54;64.7;544407;35297709
CDNA;1.3;1.35;1.2;1.2;174155;220305
CDTI;2.5501;2.68;2.5501;2.673;37720;99658
CDXC;2.47;2.47;2.34;2.41;135624;324103
CDXS;4.4;4.5;4.35;4.35;214691;947447
CDYCF;0.1015;0.1094;0.1015;0.1081;3200;346
CECE;10.79;10.79;10.55;10.64;216596;2312550
CECO;9.17;9.2214;8.97;9.02;213270;1930027
CELG;125.18;125.54;124.485;125.155;2536067;316933300
CEMI;5.8813;5.8813;5.8813;5.8813;500;2941
CEMP;3.75;3.95;3.7;3.7;603962;2295617
CENT;36.55;37.09;36.16;36.95;41825;1538598
CENX;13.18;13.2;12.04;12.06;2353804;29076461
CERN;59.12;59.78;58.52;58.78;1600450;94286210
CERS;4.14;4.19;4.08;4.1;435662;1795112
CETV;3.05;3.25;3.05;3.15;314909;984619
CEVA;34.4;34.4;33.65;33.8;93961;3186659
CFBK;2.22;2.2777;2.2111;2.22;14008;31467
CFFI;48;48.55;48;48.25;2813;135923
CFFN;14.57;14.61;14.42;14.51;290683;4216489
CFNB;16;16;16;16;224;3584
CFNL;28.5;29.07;28.03;28.13;374911;10613070
CFRX;1.7;1.75;1.65;1.725;38304;65135
CFTN;0.1177;0.12;0.1177;0.12;7000;832
CG;16.15;16.225;15.95;15.975;367139;5912768
CGEN;4.15;4.2;4.1;4.15;104287;432740
CGNT;1.65;1.68;1.6;1.62;16237;26609
CGNX;83.04;83.58;81.05;81.38;501395;40987847
CHBU;0.0057;0.0057;0.0057;0.0057;4500;26
CHCO;63.99;63.99;62.49;62.84;25055;1577832
CHDN;158.3;159.5;156.1;156.3;18908;2970294
CHFC;49.11;49.246;47.96;48.05;120928;5842508
CHKE;8.3;8.6;7.9;8.6;67410;556360
CHKP;103.94;104.41;103.54;104;719332;74853590
CHMA;1.69;1.7;1.55;1.65;59455;95562
CHNGQ;0.022;0.022;0.022;0.022;10215;225
CHNR;2.4;2.65;2.4;2.4;46531;115110
CHRS;18.75;19.25;18.625;18.85;196753;3695667
CHRW;75.78;75.78;74.7;74.79;919301;68935538
CHTR;331.01;335.69;330.54;334.53;819675;273846548
CINF;71.27;71.3334;70.5;70.87;288703;20443176
CJJD;1.72;1.87;1.72;1.76;45613;82304
CKHUY;12.2075;12.22;12.17;12.22;144923;1767397
CLCT;26.13;26.13;25.022;25.1;28009;708053
CLDX;3.29;3.31;3.22;3.26;690979;2254391
CLFD;15.35;15.375;15;15.05;21602;326959
CLIR;3.7;3.7003;3.55;3.7;28362;102355
CLLS;22.7;22.7;22.43;22.59;35928;810295
CLMT;3.75;3.8;3.65;3.65;294441;1099351
CLNE;2.59;2.615;2.52;2.535;475883;1212067
CLNT;5.46;6.1;5.15;5.21;342823;1888076
CLRO;9.55;9.75;9.55;9.7;1100;10612
CLSN;0.3;0.31;0.29;0.2965;1022031;300117
CLVS;54.17;55.22;53.59;53.74;784460;42470083
CMCO;25.59;25.7;25.08;25.29;41620;1055206
CMCSA;37.45;37.51;37.125;37.29;16091703;600182350
CME;116.58;117.36;116.23;116.59;1288606;150361979
CMFN;10.3;10.3;10.2;10.275;17759;182033
CMGHF;0.029;0.029;0.029;0.029;10900;316
CMLS;0.28;0.28;0.2615;0.2615;48285;12942
CMRX;5.74;5.78;5.6;5.685;189013;1076952
CMTL;13.54;13.62;13.32;13.35;147264;1972092
CNBKA;61.75;64.7;61.5923;63.2;13206;841663
CNCG;0.0755;0.0755;0.0755;0.0755;400;30
CNCT;0.0039;0.0045;0.0039;0.0045;46880;210
CNET;1.39;1.39;1.3;1.33;33862;44886
CNMD;45.46;45.53;44.135;45.21;100892;4563045
CNNA;0.00045;0.0005;0.0003;0.0005;6921667;2521
CNRD;19.5;19.5;19.5;19.5;100;1950
CNTE;69.6;69.6;68.5;68.5;2150;149392
CNTF;3.1;3.45;2.62;2.79;3805303;11260177
CNTY;7.36;7.4;7.17;7.27;210537;1535112
CNXN;28.44;28.78;28.121;28.3;18528;525240
CNXS;0.0023;0.0023;0.0017;0.0017;1009234;1819
COBI;0.0002;0.0002;0.00015;0.0002;2730000;501
COBZ;16.84;16.93;16.42;16.58;108567;1815239
COHR;198.57;200.25;195.02;195.61;156924;30800522
COHU;18.42;18.44;17.97;18.1;79319;1436904
COKE;203.77;204.01;200.91;202.51;11585;2343491
COLB;37.94;38.34;37.5;37.63;245756;9277251
COLL;9.73;9.93;9.515;9.74;282468;2738002
COLM;58.8;59.045;58.26;58.51;122152;7163412
CONC;0.0068;0.009;0.0068;0.0083;261014;2237
CONN;12.35;12.49;12;12.35;504377;6180346
COOL;14.28;14.6599;13.61;13.89;46488;652355
CORI;4.75;4.75;4.47;4.52;64129;291150
CORT;10.52;10.66;10.45;10.48;395379;4162410
CORVF;0.6443;0.68;0.6443;0.6653;15400;10402
COST;171.43;171.45;169.69;170.19;1043168;177651653
COVS;1.85;1.9;1.85;1.85;14315;26856
COWN;13.35;13.7;13.35;13.5;332137;4496794
CPLP;3.49;3.51;3.43;3.45;693452;2403882
CPPD;0.002;0.0021;0.0016;0.0021;398180;759
CPRT;30.11;30.18;29.76;29.83;782566;23392193
CPRX;1.79;1.81;1.73;1.74;582919;1032899
CPSI;28.25;28.525;27.4;27.5;76991;2130338
CPSS;4.71;4.7843;4.52;4.62;56523;262123
CPST;0.84;0.8656;0.8;0.8152;501410;416180
CRAI;36.04;36.59;35.595;36.19;36623;1323831
CRAY;19.8;19.9;19.05;19.1;148073;2868983
CRCUF;0.085;0.0878;0.085;0.0878;251725;21425
CRDS;3.33;3.545;3.1;3.54;15315;52553
CREE;24.89;25.03;24.44;24.495;489614;12064486
CREG;1.51;1.56;1.48;1.5001;41211;61300
CRESY;21.06;21.145;20.5;20.61;72019;1491871
CRIS;2.55;2.58;2.51;2.52;183131;464957
CRME;3.11;3.11;3.04;3.1;43114;132806
CRMT;35.9;35.95;35.1;35.55;176640;6294446
CRNT;3.15;3.23;3.12;3.17;207646;660583
CROX;6.46;6.46;6.31;6.32;596790;3791917
CRTO;49.91;51;49.1;50.02;356185;17755300
CRUS;63.24;63.82;61.84;61.91;1351234;84277968
CRVL;42.3;42.3;41.35;42.1;10945;459382
CRWG;0.0071;0.0071;0.007;0.007;56000;394
CRWS;8.1;8.15;7.8766;7.9;11553;92766
CRZO;28.82;29.1;27.98;28.37;1188509;33758051
CSCO;32.86;32.96;32.5;32.61;22646760;739040903
CSGP;204.97;205.989;203.0755;204.62;112570;23065302
CSGS;36.84;36.84;36.25;36.5;61455;2244656
CSIQ;13.04;13.065;12.73;12.79;751006;9659604
CSLI;0.0003;0.0003;0.0002;0.0002;578000;123
CSPI;10.2;10.2499;10;10.01;33437;338623
CSTR;19.048;19.14;19;19;11610;220881
CSWC;16.68;16.68;16.26;16.47;36903;606866
CTAS;123.29;123.74;121.72;122.38;228268;27988865
CTBI;45.25;45.3;44.35;45.05;24274;1090978
CTHR;0.94;0.94;0.8972;0.94;57902;52569
CTIC;4.13;4.2;4.05;4.06;137561;564008
CTIX;0.94;0.94;0.897;0.93;378287;345400
CTRL;15.39;15.47;15.11;15.24;153485;2341643
CTRN;18.2;18.2;17.6501;17.79;48003;860658
CTRP;48.96;49.08;48.56;48.59;2245636;109525755
CTRV;1.62;1.62;1.51;1.54;520375;809553
CTSH;58.94;59.01;58.48;58.66;2135876;125405385
CTSO;4.8;4.85;4.6;4.65;76772;362528
CTWS;53.93;54.08;53.59;53.81;6989;376193
CTXS;83.7;83.89;82.8;83;468771;38974981
CUBA;6.9104;6.92;6.9;6.9;8824;60922
CUTR;20.7;21.25;20.545;21.1;117058;2462538
CVBF;21.1;21.25;20.74;20.81;197674;4126661
CVGI;7.18;7.4593;7;7.06;321688;2315603
CVGW;62.4;63.65;62.4;63.65;181112;11450012
CVLY;26.01;26.01;25.5;25.53;6887;176832
CVTI;18.2;18.28;17.1;17.16;97244;1715542
CVV;10.605;10.605;10.41;10.47;5724;59866
CVVUF;0.3425;0.3527;0.337;0.3479;41614;14338
CWBC;10.15;10.205;10.15;10.2;2957;30154
CWCO;11.6;11.725;11.45;11.65;63344;735635
CWGL;10.04;10.48;10;10.48;4955;50892
CWNR;0.00172;0.00268;0.0016;0.00268;13000;33
CWST;14.06;14.1;13.89;14.02;175330;2457253
CY;13.72;13.8;13.31;13.33;5013127;67501828
CYAN;3.85;3.8677;3.85;3.85;600;2317
CYBE;24.45;24.5;22.7;23;144703;3389793
CYBG;0.0069;0.0069;0.0069;0.0069;2800;19
CYBL;0.0001;0.0001;0.00005;0.00005;5032500;258
CYBR;52.8;53.29;52.13;53.05;473968;25155467
CYCC;6.31;6.385;6.0651;6.12;148806;922525
CYRN;2.012;2.05;2;2.05;2200;4433
CYTK;11.4;11.75;11.2;11.7;266431;3102864
CYTR;0.44;0.44;0.43;0.4345;732901;319024
CYTX;1.13;1.14;1.08;1.0901;2048154;2256399
CZICF;0.15709;0.16079;0.1561;0.1561;34100;5461
CZR;9.8;9.85;9.5;9.55;505008;4873860
DAIO;4.9319;4.94;4.72;4.88;13550;66039
DAKT;9.17;9.21;9.06;9.1;56125;511577
DANOY;13.69;13.7;13.57;13.662;173215;2362879
DASTY;87.23;87.23;86.72;87.15;6618;575565
DAVE;3.8053;3.9;3.8;3.8;21771;83305
DCIX;0.6975;0.74;0.6;0.71;1310427;867608
DCOM;20.3;20.3;19.85;20.05;79541;1597326
DCTH;0.0695;0.0698;0.0611;0.0622;13834387;891178
DDAIF;71.48;71.48;70.69;71.02;48932;3473747
DDDX;0.0325;0.0374;0.0319;0.0374;130666;4691
DDEJF;2.746;2.7612;2.652;2.6703;88742;241482
DECN;0.07845;0.08;0.071;0.073;421833;31610
DEPO;12.67;12.87;12.48;12.68;777321;9830891
DEST;4;4.02;3.95;4;75730;302135
DEWM;0.0019;0.0019;0.0018;0.0018;4813831;8733
DGAS;30.41;30.41;30.3;30.3;6781;205575
DGICA;17.11;17.51;17.11;17.43;8616;149768
DGII;12.05;12.05;11.8;11.9;33006;392939
DGLD;47.08;47.3208;46.16;46.39;93894;4388515
DGLY;4.0451;4.1;3.9;3.925;19950;79956
DHIL;193.09;193.09;187.2;189.41;6793;1284152
DIAAF;0.0002;0.0002;0.0002;0.0002;7250;1
DIGX;0.0002;0.0003;0.0002;0.0003;7662175;2038
DIIBF;25.069;25.069;24.5574;24.5574;10100;250673
DISH;63.51;64.07;63.13;63.99;1897436;121119944
DKGR;0.0062;0.00759;0.0062;0.00759;4000;28
DLTR;76.8;77.52;76.54;77.14;1596617;123222325
DMLP;16.8;16.95;16.5;16.95;59732;1000705
DMRC;28;28;26.9;27.35;25294;690225
DNAG;0.0002;0.0002;0.0002;0.0002;140500;28
DNKN;54.2;54.38;53.79;54.07;944095;51074670
DORM;78.51;79.07;77;77.64;118246;9209040
DPSM;0.0036;0.0036;0.0036;0.0036;100;0
DRAM;1.1701;1.19;1.12;1.1599;57993;66937
DRGV;0.0001;0.0001;0.0001;0.0001;9500000;950
DRLDF;1.026;1.04;1.0127;1.03;7400;7596
DRRX;0.9361;0.9561;0.9201;0.9251;168462;157462
DRYS;1.86;2.24;1.62;2.17;27417191;50668470
DSGX;22.35;22.7;22.35;22.5;19350;436575
DSLV;20.43;20.74;20.07;20.11;187645;3839289
DSPG;12.2;12.35;12.05;12.1;69307;844883
DSWL;1.96;1.96;1.95;1.9501;1800;3517
DTRC;0.09;0.09;0.08;0.08;2750;242
DTRM;3.58;3.729;3.55;3.56;21177;76832
DUSA;20.31;20.32;20.23;20.23;18542;375892
DVAX;5.2;5.5;5.15;5.45;716494;3865621
DWCH;7.05;7.2;7.05;7.1;52757;376150
DWOG;0.023;0.023;0.023;0.023;2500;58
DWSN;5.4;5.4;5.19;5.23;107464;564006
DWTIF;46.93;47.62;45.9;47.62;2719;126313
DXCM;76.95;77.47;76.525;76.77;230021;17711245
DXLG;2.75;2.8;2.6;2.7;79222;214326
DXPE;39.18;39.18;36.37;36.54;67156;2485991
DXYN;3.55;3.55;3.475;3.55;14815;51835
DYNT;2.85;2.85;2.85;2.85;2692;7672
DYSL;1.37;1.48;1.37;1.375;71790;103557
DZSI;6.1;6.25;6.0191;6.15;16525;100626
EA;89.95;90.025;89.15;89.95;1527865;137146349
EARS;0.75;0.7696;0.66;0.7225;386154;272556
EBAY;33.88;34.625;33.88;34.25;9692861;332521284
EBIO;1.97;2.01;1.95;1.97;131369;258699
EBIX;60.55;60.55;59.6;59.95;47338;2843332
ECGI;0.0072;0.0072;0.0072;0.0072;100;1
ECOL;46.65;46.75;45.95;46.1;54477;2524355
ECPG;30.75;30.95;30.35;30.5;154103;4718750
ECTE;0.09;0.1;0.09;0.1;18125;1680
ECTX;0.31;0.31;0.275;0.275;12500;3690
ECYT;2.26;2.33;2.24;2.26;178130;403723
EDAP;2.49;2.6;2.49;2.54;48560;125036
EDGW;7.08;7.27;7.04;7.21;1812;12995
EDIG;0.03623;0.038;0.036;0.038;889585;32893
EDIT;20.67;20.737;19.58;19.63;572541;11400878
EDMC;0.0099;0.0099;0.00946;0.00946;10110;96
EDUC;7.5;7.75;7.5;7.6;2200;16678
EDVMF;19.6243;19.8;19.3989;19.62;1570;30733
EEFT;85.42;85.83;85.16;85.2;289278;24680329
EFII;49.66;50.08;49.11;49.41;313443;15493829
EFIR;0.0001;0.0001;0.0001;0.0001;500000;50
EFLN;0.00275;0.0034;0.0015;0.0018;148264503;324376
EGBN;57.85;57.9;56.8;57.05;55225;3158616
EGHT;15.1;15.2;14.8;14.9;226294;3375511
EGLE;5.47;5.47;5.11;5.12;272317;1424810
EGLT;4.4;4.44;4.16;4.16;219911;937461
EGOV;20.65;20.75;20.425;20.5;180047;3705118
EGPLF;0.142;0.143;0.1345;0.1345;21000;2973
EGRAF;0.53;0.53;0.5299;0.5299;1100;583
EHTH;10.92;11;10.41;10.94;115322;1243362
ELGX;6.52;6.61;6.32;6.36;989476;6368382
ELON;6.05;6.05;5.92;6;13309;79639
ELOS;11.15;11.2;11.05;11.1;873610;9723471
ELRA;0.0001;0.0001;0.0001;0.0001;47493024;4735
ELSE;4.07;4.0999;4.07;4.0999;999;4090
ELTK;0.65;0.65;0.65;0.65;100;65
ELTP;0.14222;0.144;0.142;0.1429;402514;57450
EMCI;27.79;27.9699;27.3106;27.65;3644;100557
EMIS;0.44025;0.48975;0.44025;0.48975;41660;19887
EMITF;3.5;3.5;3.4677;3.4677;400;1390
EMKR;8.5;8.5;8.1;8.25;521888;4335583
EMLL;0.0001;0.0001;0.0001;0.0001;500000;50
EMMS;2.35;2.426;2.341;2.3656;7115;16965
ENGIY;14.186;14.25;14.14;14.25;115302;1635193
ENPH;1.39;1.39;1.32;1.34;355479;479472
ENTA;29.87;30.17;29.3;29.45;108715;3218066
ENTB;0.037;0.042;0.037;0.0419;4550;186
ENZN;0.25392;0.25392;0.24;0.246;19692;4805
EONGY;7.85;7.9;7.84;7.9;85724;674854
EPAY;22.15;22.22;21.94;21.95;134515;2963297
EPGL;0.0199;0.0199;0.0189;0.0192;658813;12708
EPRSQ;0.021;0.021;0.016;0.0161;20500;333
EPZM;14.6;14.75;14.35;14.5;192943;2805687
EQIX;398.84;400.53;396.94;399.76;352079;140484129
ERBB;0.0015;0.0016;0.0014;0.0016;50085199;76139
ERHE;0.0001;0.0001;0.0001;0.0001;10999999;1100
ERIC;6.46;6.46;6.38;6.42;3491092;22415196
ERIE;121.98;122.18;120.95;122.11;15989;1945623
ERII;8.33;8.33;8.14;8.17;249783;2043254
ESALY;51.49;51.62;51.43;51.55;3525;181610
ESCA;12.9;13.1;12.65;12.85;5669;73184
ESCC;1.4901;1.62;1.49;1.5799;5915;9301
ESEA;1.39;1.4206;1.36;1.39;61142;84090
ESGR;188.75;188.75;185.94;186.35;7402;1382467
ESIO;6.35;6.35;6.17;6.3;74828;468370
ESLT;116.57;116.57;115.73;116.35;14682;1705301
ESMC;0.07509;0.07509;0.07509;0.07509;8021;602
ESPR;37.63;38.946;37.38;37.73;522718;19940693
ESRX;66.26;66.69;66.25;66.54;1882589;125196489
ESSI;3.055;3.17;3.03;3.16;132951;410545
ETFC;34.06;34.14;33.51;33.73;1733557;58465020
ETSY;10.54;10.65;10.44;10.53;1541926;16256676
EUFN;19.92;19.92;19.79;19.88;465272;9234786
EVBS;10.75;10.75;10.4701;10.57;9313;98520
EVEP;1.63;1.68;1.6;1.6;71389;117538
EVLV;1.27;1.3;1.21;1.27;116579;146941
EVOL;4.7;4.7;4.66;4.7;2550;11934
EVRC;1.56;1.57;1.56;1.57;1307;2051
EVRN;0.0002;0.0004;0.00019;0.0004;57789984;16835
EVTCY;21.82;21.9;21.81;21.9;1799;39288
EWBC;51.42;51.63;50.59;50.94;931990;47534365
EWPMF;0.121;0.121;0.121;0.121;1000;121
EWSI;0.0002;0.0002;0.0002;0.0002;2000000;400
EWZS;13.51;13.52;13.35;13.44;36053;483940
EXAC;25.95;26.05;25.2;25.5;9068;230725
EXAS;23;23.32;22.825;23.18;1077715;24892879
EXEL;20.85;20.91;20.42;20.68;2167395;44756386
EXFO;4.65;4.725;4.55;4.6;27079;125816
EXMT;0.0008;0.0008;0.0008;0.0008;50000;40
EXPD;55.96;55.96;55.52;55.7;728308;40601043
EXPE;129.47;129.88;128.8733;129.28;2026723;262312608
EXPO;59.45;59.45;58.1;58.1;54196;3176970
EXTR;7.02;7.045;6.875;6.98;1269512;8818045
EZPW;8.7;8.9;8.5;8.55;306658;2655864
FAB;51.49;51.49;51.07;51.17;3143;160883
FALC;0.325;0.334;0.31;0.3221;16956;5392
FANG;106.11;107.95;105.43;106.32;1617285;172179944
FANH;8.82;9.005;8.53;8.53;232009;2055288
FARM;37;37.16;36.7;36.85;68556;2527425
FARO;33.25;33.3;32.35;32.4;30942;1009601
FAST;48;48.17;46.23;46.29;10800598;508984042
FB;139.72;140.4;139.44;139.58;9910376;1385807954
FBAYF;0.4272;0.4272;0.4256;0.4256;233;99
FBNC;28.68;28.7;28.21;28.41;31428;893368
FCCG;0.08;0.08;0.08;0.08;10000;800
FCCY;17.9413;18.15;17.75;18.15;7128;127957
FCEL;1.95;1.975;1.65;1.65;2175560;3895225
FCNCA;331.57;334.61;328.67;328.98;8137;2687927
FCSMF;0.0661;0.06729;0.0661;0.0661;4150;274
FCUUF;0.6273;0.6329;0.6066;0.6198;84989;52294
FDEF;51.89;51.97;50.44;50.86;19185;978458
FELE;42.65;42.725;42;42.5;226292;9615901
FENCF;4.12;4.37;4.02;4.37;8450;34839
FEP;32.06;32.1;31.92;32.07;51003;1631377
FEYE;12.18;12.2416;12;12.04;2846047;34455828
FFBC;26.9;27.1;26.45;26.6;95079;2541171
FFHL;2.97;3.12;2.81;2.99;22646;67330
FFIC;26.15;26.18;25.49;25.7;85526;2193635
FFIN;39.25;39.55;38.35;38.35;145635;5629834
FFIV;137.24;137.28;134.73;134.88;628619;85420379
FFKT;38.95;39.05;38.25;38.95;10092;392322
FINL;14.45;14.505;14.29;14.47;908154;13077327
FISI;32.5;32.5;31.75;32.05;31909;1021637
FISV;115.53;116.13;115.47;115.79;494218;57235331
FITB;24.64;24.69;24.18;24.33;5515491;134519431
FITX;0.0018;0.002;0.001;0.0015;960377;1566
FIVE;45.4;45.75;44.94;45.09;551001;24933737
FIVN;16.51;16.58;16.3;16.43;273737;4493517
FLCR;0.0034;0.0034;0.0034;0.0034;13500;46
FLEX;16.19;16.19;15.93;15.98;1921378;30785750
FLIC;26.35;26.5;26.1;26.2;33425;877639
FLIR;35.64;35.85;35.23;35.31;451374;16004145
FLL;2.46;2.5;2.35;2.432;46327;112499
FLRE;0.0006;0.001;0.0006;0.001;480000;440
FLTT;0.0001;0.0001;0.0001;0.0001;35000;4
FLWS;10.25;10.3;9.9;9.9;65770;657679
FLXN;26.65;26.65;25.94;26.15;273832;7209507
FLXP;0.015;0.0198;0.015;0.0198;13761;208
FLXS;52.83;52.8495;50.54;51;9240;474514
FLXT;0.0624;0.064;0.061;0.064;76993;4728
FMBI;22.91;23.02;22.59;22.62;465731;10592755
FMCC;2.505;2.51;2.37;2.41;1630392;3949804
FMCKJ;5.7;5.84;5.55;5.84;125627;714290
FMI;30.3;31.7;30.3;31.35;130609;4074429
FMNJ;0.0019;0.0019;0.0006;0.0006;10788;19
FNBC;3.9;4.05;3.75;3.75;167802;640818
FNCX;0.44;0.729;0.44;0.56;5366337;3240367
FNHC;15.71;16.105;15.58;15.97;68329;1089681
FNJN;1.83;1.86;1.77;1.83;122087;222244
FNLC;26.36;26.36;25.51;25.61;15699;405093
FNMA;2.615;2.62;2.46;2.49;3374694;8499039
FNMAT;6;6.2;5.75;6.1;23170;140642
FNRC;0.0002;0.0003;0.0002;0.0003;95271156;28550
FNSR;24.25;24.35;23.97;24.15;2186951;52843186
FOLD;6.99;7.045;6.86;6.92;667202;4628311
FOLGF;0.2844;0.29;0.241;0.2584;2034682;521044
FONR;18.1;18.2;17.4;17.8;12645;225697
FORC;0.0001;0.0002;0.0001;0.0001;1766666;237
FORD;1.1418;1.19;1.14;1.18;8857;10417
FORM;11.15;11.15;10.8;10.9;210268;2297486
FORR;40.35;40.35;39.2;39.4;22694;896714
FOSL;17.12;17.25;16.88;16.91;522188;8891285
FOX;30.36;30.46;29.95;30.14;1877562;56655143
FOXA;30.89;31.13;30.46;30.645;8212022;252207388
FPFI;0.00011;0.00011;0.0001;0.0001;1334;0
FPRX;34;34.65;33.13;33.14;232407;7837846
FRBK;8.3;8.35;8.15;8.2;139015;1145097
FRED;15.62;15.73;14.99;15.06;631131;9652923
FREEF;0.01;0.01;0.0087;0.0095;177525;1603
FRFHF;462.5;465;461.04;462.14;7699;3564461
FRHV;0.0001;0.0001;0.0001;0.0001;104000;10
FRMA;0.095;0.095;0.0701;0.0701;4519;333
FRME;38.68;38.84;37.98;38.11;56582;2162578
FRPT;11.2;11.25;10.95;11.1;55631;617584
FRSH;6.26;6.8;6.26;6.58;886614;5802281
FRZT;0.0002;0.0002;0.0002;0.0002;15000;3
FSBC;14.4001;14.5;14.4001;14.5;700;10116
FSBK;12.94;12.94;12.8032;12.84;1450;18618
FSC;4.41;4.42;4.38;4.39;364763;1602116
FSLR;28.1;28.17;27.66;27.91;2279771;63553791
FSTR;13.55;13.65;12.85;13.2;42381;555309
FTEK;0.94;0.98;0.94;0.97;19110;18390
FTNT;37.63;37.905;37.4;37.47;643415;24179978
FTPM;0.0004;0.0005;0.0004;0.0005;10874500;5362
FTR;2.05;2.08;2.01;2.03;27753272;56981379
FUEL;4.38;4.44;4.27;4.31;510522;2222691
FUJIY;38.269;38.43;38.26;38.35;3074;117752
FULT;17.5;17.625;17.2;17.3;771721;13389504
FUNC;13.9;13.995;13.9;13.9;3968;55339
FUND;7.55;7.55;7.48;7.49;11005;82609
FVE;1.95;2;1.9;1.9;19313;37647
FWONA;31.73;31.96;31.56;31.74;168018;5333736
FWRD;48.1;48.13;46.97;46.99;50091;2374182
GABC;46.97;47.0701;46.04;46.69;15500;723304
GAIA;10.85;11.05;10.75;11;64209;701052
GAIN;9.14;9.38;9.11;9.3;283109;2627932
GALE;0.5792;0.58;0.551;0.5645;955588;539477
GALT;3.22;3.39;3.1;3.32;816399;2675354
GARS;9.71;9.73;9.57;9.62;25921;249356
GBCI;33.27;33.5;32.73;32.86;298815;9877406
GDGI;0.00025;0.0003;0.0001;0.0003;20801298;4042
GDLNF;0.072;0.073;0.072;0.073;11000;793
GECC;11.33;11.34;11.294;11.31;13599;153741
GEMP;11.2434;11.69;11.1544;11.5;19489;223192
GENE;1.12;1.17;1.12;1.13;221600;252631
GEOS;15.38;15.5599;14.95;15.05;14998;226807
GERN;2.34;2.4;2.3;2.35;1243848;2923889
GERSD;0.02;0.02;0.02;0.02;21500;430
GEVO;1.08;1.11;1.04;1.05;324813;350196
GGAL;38.99;39.49;38.55;38.97;337490;13141997
GGIFF;0.1134;0.1134;0.1134;0.1134;300;34
GHDX;31.14;31.15;30.68;30.79;50019;1542382
GIFI;10.3;11.15;10.3;11;50999;558542
GIGA;0.76;0.8;0.76;0.79;21035;16209
GIGM;2.98;3.02;2.97;2.99;3320;9919
GIII;24.36;24.665;24.07;24.22;732927;17792887
GILD;66.33;66.37;65.79;66.22;7106791;469728732
GLAD;9.63;9.73;9.47;9.68;267929;2574173
GLBL;4.75;4.75;4.7;4.7;191514;901637
GLBZ;11.66;11.66;11.65;11.65;470;5478
GLCO;0.00058;0.0006;0.00058;0.0006;42608;25
GLDLF;1.37;1.44;1.35;1.43;299723;414755
GLDN;0.00186;0.00338;0.0014;0.00338;13100;22
GLLK;0.0003;0.0004;0.00029;0.0003;277281947;84074
GLNG;28.18;28.34;27.35;27.56;1066393;29583305
GLPW;4.38;4.412;4.38;4.4;1121;4923
GLUU;2.28;2.3142;2.23;2.25;11416897;25885015
GMLP;22.75;22.85;22.1496;22.23;175498;3934200
GNBT;4.6;4.6;4.45;4.45;1351;6148
GNCMA;36.11;36.93;36.11;36.455;991729;36369661
GNTX;20.34;20.46;20.13;20.16;1159840;23494846
GNVC;5.95;6.15;5.81;5.81;11853;72432
GOGL;8.65;8.66;8.21;8.28;525834;4383722
GOLD;93.61;93.735;92.09;93.54;497689;46287058
GOOD;22;23.12;21.8;22.77;736018;16629021
GOOG;821.93;826.66;821.02;824.32;533451;439397036
GOOGL;838.46;843.72;837.59;841.46;627985;527698878
GPHOF;0.056;0.056;0.054;0.055;81788;4526
GPRO;9.01;9.0699;8.65;8.69;2481318;21679474
GPTX;0.02721;0.029;0.02721;0.029;2000;56
GPXM;0.0022;0.0022;0.0022;0.0022;24000;53
GQMNF;0.65506;0.672;0.6269;0.6646;76789;49533
GRBK;9.95;10.05;9.9;10;47109;470787
GRLF;0.0001;0.0001;0.0001;0.0001;1000000;100
GRMC;0.035;0.035;0.035;0.035;12701;445
GRMN;50.01;50.075;49.18;49.29;553200;27347311
GRNH;0.0669;0.067;0.063;0.064;1315503;85302
GROW;1.45;1.48;1.4485;1.48;2830;4109
GRPN;3.75;3.865;3.75;3.77;10501356;39930645
GRVY;19.29;19.92;18.07;19.01;27041;521866
GRZG;0.05;0.05;0.05;0.05;2500;125
GSBC;49.2;49.2;48.45;48.55;15838;771320
GSOL;8.85;8.9;8.7;8.75;5579;49004
GSVC;4.57;4.59;4.495;4.59;49508;224735
GT;35.76;35.76;34.34;34.39;3633233;126010939
GTIM;3.2;3.4;3.2;3.3;4578;15079
GTLS;35.36;35.36;33.95;34.03;141943;4872475
GTMAY;1.57;1.57;1.45;1.45;1050;1534
GTRQ;0.0097;0.0097;0.0097;0.0097;1000;10
GTXI;4.49;4.49;4.2564;4.2564;6242;27470
GTXO;0.0085;0.0085;0.0075;0.0084;1116320;9256
GURE;1.8558;1.8558;1.75;1.82;135115;240474
GWPH;118.16;118.9897;117.07;117.75;136401;16067949
GZPFY;17.45;17.45;17.19;17.26;356;6167
HA;49;49.9;48.425;48.65;683104;33480103
HAIN;36.86;37.04;36.51;36.59;761066;27875079
HALO;12.66;12.66;12.405;12.49;357521;4474749
HARL;22.8;22.8;22.8;22.8;3600;82080
HAS;96.21;96.99;95.645;96.46;708121;68360788
HAUP;0.045;0.0453;0.045;0.0453;1850;84
HBAN;12.95;13;12.76;12.86;14622655;188173242
HBHC;44.9;45.2;44.05;44.35;380084;16869703
HBIO;2.55;2.55;2.35;2.45;204126;498529
HCSG;45.11;46.87;42.15;45.55;1292812;58860594
HDNG;10.65;10.71;10.3;10.33;7798;81814
HDP;10.95;11.07;10.69;10.75;228184;2471912
HDS;40.59;40.74;40.1;40.15;1600122;64453509
HDSN;6.52;6.58;6.44;6.48;336902;2183644
HELE;91;91.75;90.3;90.9;64458;5866458
HESG;0.0001;0.0001;0.0001;0.0001;10500000;1050
HFCO;0.0001;0.0001;0.0001;0.0001;500000;50
HIBB;28.9;29.1;28.575;28.65;243077;6986383
HIFS;173.4054;173.4054;166.45;169.06;5179;874597
HIHO;4;4;3.85;3.85;9400;36778
HIMX;8.6;8.6;7.95;8.39;7000911;58197498
HIPH;0.0002;0.0002;0.0001;0.0002;27527500;4373
HLIT;5.6;5.7;5.45;5.6;531814;2958135
HMNF;18.1;18.2;18.1;18.2;692;12535
HMSY;20.09;20.3;19.77;19.85;207018;4118409
HNH;27.1;27.15;27;27.15;916;24779
HOKUQ;0.0002;0.0002;0.0002;0.0002;200;0
HOLX;42.51;42.55;42.29;42.5;1085126;46043531
HOWWY;3.7;3.7;3.67;3.7;9872;36278
HPJ;5.05;5.1;4.8;4.9;169855;845743
HPNN;0.0002;0.0002;0.0002;0.0002;1000000;200
HQCL;7.08;7.08;6.81;7;21772;150217
HRBR;0.017;0.0199;0.016;0.0199;60100;1166
HRTX;14.4;14.55;14.1;14.25;387042;5534927
HSIC;166.22;169.43;166.22;168.73;336948;56756412
HSII;25.85;25.95;25.35;25.7;54193;1391902
HSTC;0.006;0.006;0.006;0.006;100;1
HTCO;4.19;4.23;4.05;4.07;2773;11458
HTHT;58.39;59.53;58.25;59.21;467695;27611423
HTLD;19.64;19.76;19.15;19.18;581530;11267797
HUBG;40.6;40.85;40.175;40.275;523136;21148633
HUMRF;0.315;0.315;0.307;0.31;15645;4813
HURC;28.3;28.3;27.5;27.65;5738;159720
HWCC;6.35;6.65;6.35;6.5;66320;428816
HWKN;46.8;47.05;45.35;45.8;16867;773476
HYGS;7.6;7.6;6.95;7.1;113222;819136
HYSR;0.0101;0.0109;0.01;0.0105;2045676;20697
HZNP;15.1;15.55;15.0784;15.18;3094253;47106718
I-COMP;5863.5851;5868.0857;5830.4412;5836.102;0;0
IART;41.19;41.49;40.95;41.01;323953;13337505
IBB;289.32;290.03;287.37;288.65;408279;117849870
IBCP;20.7;20.7;20.1;20.4;28174;574584
IBKC;78.3;79;76.425;76.55;247379;19045422
IBKR;34.2;34.31;33.85;34.05;450463;15340088
IBOC;34.85;35.05;34.1;34.25;105133;3621651
IBRC;0.0018;0.0018;0.0015;0.0016;12680152;20541
IBTGF;0.3001;0.31;0.3;0.3;30500;9252
ICCC;5.34;5.35;5.26;5.35;1300;6933
ICGQF;0.6331;0.648;0.6213;0.64;172288;108804
ICLN;8.55;8.57;8.52;8.53;24516;209559
ICLR;78.96;80.05;78.42;78.57;171439;13549992
ICNB;0.0157;0.01688;0.0146;0.0159;4308778;66229
ICON;7.68;7.69;7.57;7.58;328745;2503981
ICPT;108.68;109.55;105.5;105.77;295682;31641069
ICTY;0.0001;0.0001;0.0001;0.0001;500000;50
ICUI;150.85;151.65;148.9;149.55;48759;7291546
IDCC;86.6;86.6;83.65;83.85;297407;25116325
IDRA;2.24;2.31;2.17;2.22;939753;2108104
IDSA;1.5;1.5;1.36;1.42;18065;25066
IDSY;6.37;6.42;6.32;6.38;17359;110364
IDTI;23.71;23.71;23.08;23.17;1727147;40229068
IDVC;0.0012;0.0014;0.001;0.001;595741;639
IDXX;155.27;155.35;153.84;154.2;290271;44795157
IEGCF;0.16533;0.173;0.16533;0.173;38632;6654
IEP;48.7;49.3;48.22;48.7;79707;3892415
IFNNY;19.49;19.62;19.465;19.57;25646;500861
IFON;0.501;0.5199;0.501;0.5199;886;459
IGF;42.42;42.67;42.365;42.64;376728;16043991
IGLD;9.98;10.2;9.98;10.02;466;4683
IGNE;0.0003;0.0003;0.0002;0.0002;55958622;11243
III;3.09;3.12;3.05;3.1;80564;249331
IIIN;36.35;36.37;35.75;35.9;93115;3343671
IIJI;8.4;8.65;8.4;8.65;200;1705
IIVI;32;32;31.1;31.3;627358;19786318
ILG;21.48;21.64;21.2;21.4;613551;13116863
ILMN;174.98;176.1;171.8;172.95;573001;99008300
IMBBY;49.11;49.94;49.11;49.93;28203;1403888
IMGN;2.88;2.99;2.85;2.96;997659;2932827
IMKTA;45.05;45.05;44.15;44.2;17912;795768
IMMR;8.47;8.49;8.26;8.29;87442;726802
IMMU;5.86;5.94;5.73;5.87;1325537;7727558
IMNP;0.139;0.14;0.1224;0.131;4046728;531925
IMOS;17.13;17.41;17.13;17.26;228417;3940634
IMPV;42.65;42.75;41.95;42;287951;12136465
INAP;3.32;3.52;3.32;3.45;630653;2175516
INCY;136.48;141.4;134.96;138.23;1292267;178803244
INDB;62.8;63;61.75;61.9;38083;2364725
INFI;2.1;2.1;1.93;1.94;1098973;2191912
INFN;9.48;9.54;9.32;9.35;891048;8376477
INO;6.13;6.1761;6.01;6.07;527485;3201454
INOD;2.05;2.05;1.95;1.95;31747;63352
INOV;12.85;12.875;12.15;12.25;567838;7110275
INPHQ;0.037;0.0378;0.037;0.037;19456;720
INSM;16.82;16.985;16.62;16.89;202558;3409988
INSY;11.29;11.55;11.05;11.25;490411;5521234
INTC;35.87;36.01;35.5;35.63;15248603;544982442
INTL;36.3;36.3;35.41;35.5;34044;1214222
INTU;118.23;118.38;117.51;117.83;1326071;156243097
INVA;14.5;14.55;14.2401;14.29;1182674;17004545
INVE;7.39;7.42;6.8;6.99;68511;489243
INVT;0.27;0.365;0.25;0.25;1612120;491402
INWK;9.98;10.01;9.66;9.94;215600;2135838
IONS;39.2;40.15;39.05;39.35;608444;24064231
IOSP;62.85;62.85;60.9;61.5;86336;5344980
IPAR;35;35.2;34.75;35;51248;1796525
IPCC;95.7;95.7;93.6;94.15;27438;2583555
IPCI;2.1;2.18;2.0399;2.16;151510;316622
IPGP;120.1;120.225;117.14;117.51;137074;16203177
IPHS;46.27;46.27;45.11;45.47;95380;4344536
IPXL;13.3;13.45;13;13.25;1040261;13775739
IRBT;67.24;67.25;65.18;65.37;303680;19960541
IRDM;10.05;10.2;9.9;10.15;840681;8450266
IRIX;10.69;10.72;10.48;10.51;36220;382458
IRWD;15.94;16.06;15.5;15.5;1105474;17310592
ISCA;38.5;38.5;37.6;37.6;84415;3195874
ISCO;1.724;1.724;1.724;1.724;1100;1896
ISIG;1.33;1.341;1.31;1.31;18294;24277
ISLE;26.75;26.82;26.29;26.36;84477;2234901
ISNPY;15.758;15.88;15.71;15.85;92637;1461948
ISNS;2.9;2.9598;2.9;2.9;10586;31000
ISRG;761.87;765;760.87;764.26;160047;122141232
ISSC;3.1;3.19;3.02;3.06;125386;384708
ISVLF;0.5;0.54;0.5;0.5362;17300;9142
ITCI;13.95;14.185;13.62;13.82;558761;7775739
ITEK;1.95;2.3;1.9;2.05;2559959;5455586
ITIC;159.08;159.08;159.08;159.08;134;21317
ITKG;0.05;0.054;0.05;0.054;324206;16859
ITNS;0.0015;0.0015;0.0015;0.0015;750000;1125
ITPOF;17.5066;17.5066;17.4991;17.4991;200;3501
ITRI;61.55;61.55;59.85;59.95;76815;4633599
ITRO;0.26;0.26;0.26;0.26;300;78
ITVI;0.0001;0.0001;0.0001;0.0001;500000;50
IVAC;13.2;13.2;12.95;13.15;104570;1365650
IVANF;0.04;0.04;0.04;0.04;476;19
IVPAF;3.83;4.1;3.83;4.0637;369993;1487115
JAGGF;0.5006;0.5006;0.4749;0.4761;10690;5142
JAKK;5.1;5.15;5.075;5.1;93942;480184
JASO;6.95;7.04;6.8954;6.96;423677;2947617
JBHT;91.65;91.89;90.09;90.16;862998;78293079
JBLU;21.53;21.87;21.15;21.2;5995560;128443228
JBSS;71.88;72.19;71.085;71.73;28429;2038586
JD;32.31;32.88;32.31;32.71;5940876;194055660
JJSF;133.46;134.19;132.94;133.41;32694;4366297
JKHY;93.81;94.16;93.36;93.91;292779;27463732
JMBA;8.68;8.825;8.55;8.58;123182;1062609
JOBS;39.76;40.62;39.56;40.51;185103;7457713
JOUT;34.85;34.85;33.48;33.54;43129;1454603
JRJC;3.5;3.5594;3.35;3.52;132552;460764
JUNO;23.55;24.14;23.52;23.7;797792;18942087
JVA;4.76;4.7623;4.62;4.66;9539;44849
JYHW;0.004;0.004;0.004;0.004;1300;5
KATY;0.18;0.18;0.18;0.18;10000;1800
KBLB;0.06695;0.0739;0.06695;0.0725;107077;7546
KCAP;3.86;3.8925;3.82;3.85;207880;798412
KCLI;45.25;45.52;45.25;45.5;1365;62020
KDKN;0.0038;0.0038;0.0036;0.0036;76700;291
KELYA;20.88;21.025;20.71;20.79;74383;1551853
KEQU;22.81;23.25;22.55;22.9;4267;97499
KERX;5.73;5.89;5.6886;5.76;485646;2815243
KEYW;9.01;9.1;8.78;8.82;248236;2210676
KFRC;22.45;22.4668;21.85;22.05;52104;1151116
KGET;0.00025;0.0003;0.0002;0.0003;53194204;11185
KHC;91.03;92.14;91.01;91.93;1681988;154390479
KIRK;12.34;12.38;12.09;12.31;58573;719399
KITE;78.66;79.64;78.39;79.2;816940;64724766
KLAC;95.76;95.985;94.73;95.21;724630;69085185
KLIC;19.8;19.84;19.52;19.6;260708;5118368
KLMR;9.5;9.5;9.5;9.5;1150;10925
KNDI;4.05;4.4;4.05;4.05;174790;733335
KNSC;0.0003;0.0003;0.0002;0.0003;24522677;7305
KNTNF;0.7329;0.7329;0.6821;0.714;44941;32031
KOOL;3.28;3.28;3.15;3.16;26467;84879
KOPN;3.68;3.7499;3.64;3.7;265576;982341
KPOC;0.0288;0.0298;0.0288;0.0298;19218;561
KPTI;10.81;11;10.32;10.55;273822;2886762
KTCC;7.3;7.31;7.26;7.26;2865;20866
KTEC;12.98;13.39;12.98;13.04;28511;376073
KTOS;7.93;7.97;7.57;7.59;918310;7069543
KVHI;7.85;7.95;7.7;7.8;105422;820225
KXPLF;0.1473;0.151;0.1472;0.151;14200;2093
KZ;7.42;7.495;7.42;7.49;475690;3551627
LABL;70.65;72.15;70.4;71.45;54073;3850820
LAKE;10.0442;10.1;9.95;10.05;15708;157343
LAMR;73.51;73.8;73.0184;73.17;333564;24452153
LANC;129.31;129.52;127.93;128.59;40232;5178787
LATF;0.0001;0.0001;0.0001;0.0001;2500000;250
LAWS;19.7;19.8;19.55;19.65;21227;417641
LAYN;8.6;8.7;8.12;8.28;110310;918412
LBAI;19.1;19.2;18.75;18.9;89636;1705010
LBIX;1.75;1.97;1.74;1.8701;140689;259698
LBTYA;34.56;34.76;34.31;34.57;2110377;72892698
LCUT;20.55;20.7;20.2;20.2;5694;116160
LE;21.15;21.35;21.05;21.1;19487;412306
LECO;86.88;86.88;83.04;83.16;307266;25825827
LEDS;4.06;4.2;3.91;4;94561;386875
LEMIF;0.511;0.511;0.4811;0.495;34464;16881
LENS;3.16;3.16;3.02;3.12;39346;120781
LEXG;0.0013;0.0017;0.0011;0.0017;64956468;93241
LFUS;152.98;154.025;151.507;152.17;88267;13431106
LGCY;2.32;2.36;2.25;2.29;119400;275107
LGCYO;9.66;9.9195;9.53;9.75;14716;144242
LGCYP;9.8;10;9.5001;9.87;4724;45703
LGND;105.6;106.22;104.67;105.31;72686;7658059
LGNYZ;0.018;0.018;0.018;0.018;37500;675
LIFE;3.15;3.25;3.15;3.15;6358;20336
LINC;2.93;2.93;2.7743;2.8001;33219;93451
LION;21.27;21.3;20.82;20.93;54517;1146586
LITE;45.1;46.3028;44.15;44.25;1891616;84962545
LIVE;15.4;15.56;15.21;15.43;9997;153445
LJPC;25.6;25.73;25.01;25.44;506836;12900234
LLEN;0.014;0.017;0.014;0.017;26000;365
LLNW;2.47;2.48;2.41;2.46;130878;319677
LMNX;18.42;18.51;18.02;18.06;189091;3430309
LMRXF;0.45;0.4532;0.4318;0.4381;37500;16430
LNCE;40.73;40.85;40.41;40.7;232898;9485107
LNDC;13.9;14;13.55;13.75;71273;985517
LNVGF;0.645;0.6737;0.645;0.6737;1340;879
LOCO;12.25;12.4;12.05;12.25;144642;1770422
LOGI;31.67;31.73;31.32;31.42;206993;6512289
LOGM;102.6;103.55;102.05;103;538534;55461142
LPCN;3.74;3.82;3.7;3.73;43952;163966
LPNT;64.7;64.7;63.675;64.35;135979;8729720
LPSN;6.9;7;6.85;6.9;188344;1300853
LPTH;2.6;2.63;2.52;2.56;189837;488597
LQDT;7.4;7.5;7.3;7.4;42582;313918
LQMT;0.235;0.24;0.2209;0.23;884697;204603
LRAD;1.42;1.45;1.4;1.45;14315;20210
LRAXF;0.7628;0.7808;0.745;0.7642;16800;12687
LRCX;127.46;127.67;125.51;126.16;947133;119709347
LRSV;0.0772;0.0772;0.0772;0.0772;275;21
LRTNF;0.4489;0.4489;0.4439;0.4439;15000;6668
LSCC;6.79;6.81;6.76;6.79;596200;4052920
LSTMF;0.0002;0.0005;0.0001;0.0001;25022;10
LSTR;86.05;86.05;84.05;84.1;200243;16953727
LTBR;1.36;1.37;1.3;1.34;109370;145041
LTRE;2;2;2;2;500;1000
LTUS;0.0031;0.0031;0.0031;0.0031;7500;23
LUKOY;51.44;52.04;51.2;51.88;86945;4479640
LULU;52.71;53.345;51.85;52.08;5090910;267126247
LUNA;1.68;1.73;1.67;1.69;32845;55608
LUNMF;5.68;5.68;5.5;5.5342;34000;188892
LVVV;0.00429;0.0048;0.0035;0.0046;4639734;19853
LWAY;9.95;9.95;9.2;9.27;27042;255357
LYDIF;0.29;0.29;0.2769;0.2769;7000;2017
LYJN;0.0001;0.0001;0.0001;0.0001;78000;8
LYSCF;0.056;0.069;0.056;0.0672;22126;1388
LYTS;9.57;9.58;9.25;9.27;23145;215969
MACE;0.39;0.39;0.39;0.39;5500;2145
MACK;3.06;3.08;3.01;3.02;1069477;3251229
MAGS;6.78;6.79;6.53;6.6;98674;654067
MANH;49.57;50.09;49.185;49.34;445435;22038950
MANT;35.08;35.08;34;34.2;185203;6383683
MAR;91.98;92;90.88;91.75;2397316;219308855
MARPS;3.8139;4.2492;3.8139;4.17;1966;7824
MASI;94.4;94.74;93.38;93.89;322313;30262519
MAT;25.68;25.97;25.62;25.73;3606398;92984187
MATN;0.74;0.7599;0.72807;0.7499;15662;11652
MATR;3.5;3.65;3.45;3.55;27639;98167
MATW;66.45;66.5;64.75;64.95;52216;3407265
MAXE;0.02199;0.02199;0.014;0.014;9000;162
MBCI;0.00241;0.0048;0.00241;0.00325;25500;102
MBFIP;26.5483;26.62;26.5;26.6;2918;77529
MBII;1.86;1.94;1.8;1.9;13660;25130
MBOT;5.063;5.1;5;5.05;29516;148206
MBRX;0.87;0.949;0.8208;0.8799;128740;113171
MBVT;47.85;47.85;47.2;47.6;12486;593634
MCEP;2.42;2.47;2.35;2.35;27214;64772
MCHI;50.21;50.24;50;50.19;1339040;67149466
MCHP;72.63;72.7;71.71;72.15;2606939;188386100
MCRI;29.78;29.78;29.05;29.27;17750;522133
MCTC;0.0011;0.0018;0.0011;0.0011;101270;112
MCUJF;7.1403;7.35;6.9319;6.96;9000;64381
MDCA;8.8;8.95;8.55;8.6;316771;2758873
MDCE;0.0001;0.0001;0.0001;0.0001;200;0
MDCO;54.43;55.25;53.81;54;1368253;74551419
MDFI;0.035;0.03905;0.035;0.035;43045;1552
MDGL;15.339;15.8;15.33;15.74;7145;112626
MDLZ;43.84;44.47;43.79;44.39;4119518;182593182
MDRPF;0.6181;0.6348;0.6083;0.63418;153858;96021
MDRX;12.44;12.455;12.19;12.26;1643604;20154521
MEDT;0.0008;0.0009;0.0007;0.0008;19120887;14077
MEET;5.52;5.645;5.5;5.51;896647;4981559
MEIP;1.6;1.61;1.53;1.56;43821;68261
MELI;219.92;221.35;215.66;216.31;490653;107026204
MEMP;0.13;0.138;0.126;0.1299;876215;114104
MEOH;48.1;48.15;47.025;47.2;617504;29357077
MFSF;31.95;31.95;31.95;31.95;399;12748
MGAFF;0.1748;0.1748;0.1695;0.1695;9700;1664
MGCD;8.06;8.06;8.06;8.06;1000;8060
MGEE;65.05;65.85;64.45;65.8;25111;1640926
MGIC;8.05;8.1;7.75;7.75;12964;102313
MGPI;53.28;54.86;52.53;52.89;236261;12652367
MGRC;33.67;33.67;33.05;33.12;34781;1155873
MGTI;0.76;0.795;0.7;0.7156;170400;129661
MHTX;0.0299;0.0299;0.0299;0.0299;22500;673
MIDD;135.91;136.13;134.2;134.81;154342;20858672
MIICF;52.76;52.76;52.05;52.05;603;31531
MIND;4.69;4.81;4.6;4.69;37457;175763
MINE;0.00195;0.0024;0.0019;0.0024;311100;665
MINI;29.85;29.85;28.7;28.75;131104;3806213
MITK;7.35;7.4;7.15;7.2;207670;1498024
MITSY;290.543;291.79;290.52;291.79;132;38477
MJNA;0.1125;0.115;0.11;0.1125;5432561;611532
MKSI;66.6;67.2;65.8;65.9;267118;17698686
MKTAY;35.25;35.44;35.25;35.44;5469;193607
MKTX;183.29;183.7599;180.34;180.82;69001;12544309
MKTY;1.06;1.06;1.03;1.03;2436;2565
MLAB;127.5;130.9;127.5;130;13247;1710323
MLCO;19.87;20.34;19.76;20.01;3204995;64355771
MLHR;32.2;32.3;31.5;31.5;196584;6246398
MLNK;1.65;1.65;1.55;1.56;67447;106035
MLNX;50.65;51.15;50.3;50.85;309033;15673517
MMLP;19.25;19.6;19.2;19.35;97181;1884064
MMSI;28.75;28.8;28.15;28.4;204705;5802013
MNDJF;0.4408;0.4451;0.4346;0.4449;191100;83983
MNDO;2.44;2.45;2.42;2.43;16457;40050
MNDP;0.0001;0.0002;0.0001;0.0001;3562400;362
MNKD;1.37;1.4;1.3;1.31;1259257;1691676
MNOV;4.92;5;4.85;4.91;144114;709130
MNRO;51.4;52.1;50.8;52;428932;22220225
MNST;45.2;45.53;45.15;45.4;1268529;57493877
MNTA;13.25;13.4;13.1;13.25;461819;6114789
MNTR;1.4;1.7;1.25;1.7;437315;625495
MOBL;4.3;4.35;4.25;4.25;169610;724940
MOCO;22.5;22.6;21.9;22.2;6668;147837
MORN;78.34;78.34;77.05;77.85;31496;2450396
MOSY;2;2;1.9;1.94;46898;90406
MPWR;90.57;90.76;89.27;89.4;192157;17242828
MQXDF;0.08;0.08;0.08;0.08;113;9
MRCY;39.43;39.66;38.33;38.72;410396;15877463
MRDDF;0.0645;0.06552;0.0645;0.06552;16000;1033
MRGO;7.65;7.65;7.61;7.61;500;3809
MRLN;25.65;25.75;24.95;25.1;16740;423814
MRNA;0.435;0.46984;0.43;0.44;98052;43379
MRTN;23.65;23.65;22.9;22.95;52999;1224378
MRVC;9.95;10.05;9.95;10;1828;18310
MRVL;14.8;14.86;14.58;14.81;9127406;134606998
MRZLF;1.43;1.43;1.3;1.3;29980;39832
MSBF;16.9244;16.9244;16.8999;16.9;1425;24107
MSCC;48.55;48.725;47.12;47.32;896522;42619226
MSEX;38.19;38.19;37.17;37.5;20688;774654
MSFG;32.74;33.24;32.065;32.49;115535;3777517
MSFT;65.42;65.51;65.11;65.23;15588313;1017334906
MSON;11.45;11.45;11.45;11.45;300;3435
MTCH;17.18;17.5;17.15;17.4;1627200;28319877
MTEX;16.2;16.45;16.15;16.2;3009;48812
MTNOY;9.23;9.28;9.15;9.26;36471;335067
MTP;2.67;2.7001;2.66;2.66;12469;33376
MTRX;16.35;16.65;16.3;16.6;135845;2240792
MTSC;46.6;47;44.65;45.4;208399;9443931
MTSI;50.85;51;50.175;50.86;449155;22721716
MU;27.42;27.43;26.655;26.69;22370287;602631165
MVIS;2.05;2.08;2;2.03;510754;1038663
MWSNF;0.3074;0.3074;0.305;0.305;10225;3126
MXIM;44.17;44.31;43.35;43.69;1134890;49635485
MXWL;5.95;5.95;5.71;5.73;217256;1255796
MYEC;0.0023;0.0029;0.00225;0.0029;9956076;26134
MYGN;18.48;18.78;18;18;564170;10235160
MYL;38.33;38.5;37.6801;38.04;3881180;147551566
MYNG;0.065;0.07;0.065;0.07;15000;1000
MZOR;30.15;31.73;29.8828;31.54;1074092;33240972
NAII;9.1;9.35;9.1;9.25;12711;117753
NANO;29.11;29.11;28.37;28.445;194519;5567387
NANX;0.67;0.67;0.67;0.67;2865;1920
NATH;63.45;63.45;62.85;62.85;1244;78522
NATI;32.3;32.34;31.81;31.91;173104;5541381
NATR;10;10;9.55;9.7;12495;121770
NAVG;53.25;53.45;52.5;52.5;58297;3086700
NAVI;14.88;14.925;14.575;14.67;2226688;32681836
NBIX;51.7;53.2;50;51.8;11018962;564581739
NBTB;36.88;37.01;36.16;36.33;45359;1652192
NCEN;0.0017;0.0017;0.00145;0.00145;20098;33
NCMGY;18.41;19.1;18.41;19.005;26170;495586
NCTY;1.14;1.25;1.11;1.18;48114;56698
NDAQ;68.9;68.91;68.43;68.68;547317;37582994
NDRM;25.7;26;25.505;25.75;66716;1719120
NDSN;123.15;123.15;119.74;120.08;199260;24025475
NDVLY;2.512;2.512;2.512;2.512;201;505
NEO;7.83;7.87;7.76;7.79;159837;1249685
NEOG;61;61.57;60.24;60.64;49097;2976834
NEOM;0.0001;0.0002;0.0001;0.0001;43976405;4498
NEON;1.5;1.55;1.44;1.45;59282;88111
NEPT;1.03;1.03;1;1.02;35697;36357
NETE;0.8096;0.83;0.8096;0.8103;85630;69872
NEWC;0.0112;0.0113;0.0099;0.0103;5372483;56024
NEWLF;0.0001;0.0001;0.0001;0.0001;11000000;1100
NEWT;16.12;16.17;16.04;16.09;107698;1732357
NFLX;144.85;145.74;143.55;143.83;3528320;509992733
NGLOY;7.4099;7.41;7.19;7.22;243620;1764358
NGPHF;0.235;0.2415;0.235;0.235;35800;8628
NHTC;29.31;29.65;29.02;29.46;42418;1245950
NICE;67.26;67.54;67.05;67.43;121995;8224662
NICH;0.01;0.01;0.01;0.01;38000;380
NICK;9.9;10.02;9.78;9.78;4982;49334
NILSY;15.76;15.76;15.52;15.625;13634;213458
NKTR;18.4;18.45;18.03;18.22;1418673;25820284
NLNK;15.96;16;15.165;15.48;703298;10837813
NLST;1.01;1.01;0.97;0.99;169753;166651
NMGC;0.0103;0.015;0.0103;0.015;2000;30
NMRX;4.5;4.54;4.05;4.35;93647;403841
NNBR;25.35;25.575;24.9;25.3;171725;4327697
NNLX;0.0775;0.0777;0.072;0.072;53211;3977
NOVCQ;0.1358;0.1358;0.1358;0.1358;300;41
NOVN;7.75;7.85;6.25;6.29;4760746;33801941
NOVT;27.15;27.2687;26.4;26.85;89781;2404512
NPNTQ;0.00001;0.00001;0.00001;0.00001;2600;0
NRIM;30.6;30.65;29.9;30.4;19443;591296
NSAV;0.0008;0.0008;0.0005;0.0007;59193299;36481
NSIT;41.74;42.09;40.6;40.8;128169;5295659
NSRGY;75.57;76.37;75.46;76.3;251159;19102449
NSSC;10.2;10.2;9.85;10.05;42758;428469
NSYS;3.79;3.86;3.65;3.65;36550;135859
NTAP;40.69;40.72;39.61;39.65;2551995;101635846
NTCT;36.95;37.15;36.3;36.6;369246;13532832
NTCXF;0.165;0.165;0.165;0.165;6000;990
NTDOY;29.06;29.25;29.06;29.135;72056;2099419
NTEK;0.055;0.055;0.038;0.04747;1514924;63169
NTES;268.75;271.89;264.35;265.43;763528;203710286
NTGR;50.25;50.25;49.7;49.9;291004;14546991
NTLA;13.78;13.9468;13.46;13.48;83757;1145984
NTNX;17.32;18.075;17.26;17.69;2095139;37070739
NTRI;54.9;54.95;53.55;53.9;214464;11561568
NTRS;86.67;86.67;85.145;85.77;563404;48358003
NTWK;5.2088;5.3;5.145;5.25;5580;29193
NUAN;16.93;16.96;16.52;16.64;2076390;34553178
NURO;0.57;0.6;0.57;0.6;12020;7126
NUSMF;0.1765;0.185;0.1724;0.1742;134553;24025
NUTR;31.2;31.2;30.85;30.85;5802;179723
NVAX;0.895;0.9097;0.861;0.8818;3514237;3111823
NVCN;1.69;1.7184;1.61;1.66;424276;702714
NVCR;10.95;11.1;10.35;10.55;564356;6039517
NVDA;98.12;98.7;97.1;97.31;9197360;899839322
NVEC;80.1;80.385;78.585;79.15;6350;505397
NVGN;1.0203;1.08;0.98;1.01;18914;19144
NVIV;3.55;3.6;3.5;3.55;188367;666339
NVLN;10.43;10.55;10.37;10.45;51394;537183
NVLS;2.7901;2.83;2.75;2.77;50099;139585
NWBO;0.235;0.24;0.23;0.235;1049888;248965
NWGC;0.0002;0.0002;0.0001;0.0001;315000;49
NWPX;13.44;13.44;12.81;13.32;86084;1124443
NXPI;103.92;103.99;103.66;103.69;2783028;288887931
NXST;67.85;68.4;66.9;67.05;348887;23446950
NYMX;4.4;4.5;4.2;4.26;187035;806106
NYNY;24.55;24.55;24.225;24.25;1554;37944
OBCI;4.7;4.71;4.69;4.7;6700;31489
OCANF;3.26;3.31;3.21;3.3;39481;128857
OCFC;27.49;27.775;26.98;27.04;59220;1611211
OCLG;0.0004;0.0004;0.0003;0.0004;16988533;5542
OCLR;9.01;9.02;8.57;8.62;8714774;75826085
ODFL;83.83;83.83;81.9;82.06;276155;22784489
ODP;4.76;4.805;4.715;4.76;2160120;10276703
OFIX;36.83;37.04;36.5501;36.94;118534;4363964
OGXI;0.39;0.45;0.38;0.4298;702784;294588
OGZPY;4.344;4.38;4.3225;4.35;291262;1264390
OHGI;0.31;0.31;0.2701;0.284;62317;17549
OHRP;0.709;0.7827;0.7;0.7599;408860;312001
OIIM;2.21;2.299;2.18;2.23;55084;122633
OKSB;25.75;25.9;25.4;25.4;8069;205962
OLED;83.95;83.95;81.19;81.65;429362;35153164
OMCL;40.65;40.75;39.7;40;81912;3279181
OMCM;0.24;0.24;0.24;0.24;12000;2880
OMER;16.52;16.735;15.76;15.96;674860;10894006
OMEX;3.69;3.89;3.61;3.65;41320;153805
OMNT;14;14;13;13.4;27337;366627
ONCE;49.76;50.35;49.02;50.01;102586;5110266
ONCS;1.18;1.2075;1.11;1.15;310159;356231
ONCYF;0.6181;0.75;0.6;0.75;917840;618261
ONSM;0.271;0.3;0.2702;0.3;5963;1770
ONVO;2.9;2.9176;2.82;2.84;1994343;5727366
OOAG;0.0005;0.0005;0.0005;0.0005;132;0
OPGN;1.11;1.19;1.1;1.16;302807;342675
OPHC;3.1;3.1;2.91;2.92;1700;5110
OPHT;2.98;3.05;2.94;3;657468;1984372
OPK;7.55;7.765;7.53;7.66;2785306;21324140
OPMG;0.0001;0.0001;0.0001;0.0001;4010001;401
OPTT;1.87;1.91;1.8;1.87;132935;246747
OPXA;0.66;0.79;0.66;0.765;426848;312990
ORBK;30.8;30.97;30.49;30.64;211451;6488262
ORBT;4.2;4.2;4.2;4.2;500;2100
OREX;2.57;2.64;2.501;2.63;89190;229657
ORIG;0.25;0.2794;0.24;0.2547;1362191;350334
ORLY;252.63;254.03;250.54;253.03;663251;167776194
ORMP;6.45;6.46;6.2301;6.29;7225;45391
OSBC;11.15;11.3;11.05;11.15;48161;537949
OSIR;4.63;4.63;4.49;4.54;64582;293870
OSIS;70.59;72.47;70.2;70.92;284717;20231960
OSTK;18.05;18.1;17.625;17.8;23401;417085
OSUR;12.31;12.41;12.27;12.33;654240;8063569
OTCM;21.15;21.25;21.15;21.25;5600;118945
OTEX;33.35;33.645;33.35;33.55;389331;13053030
OTIC;12.75;12.9;12.3;12.45;123400;1540657
OTIV;1.67;1.721;1.601;1.63;40994;67357
OTTR;37.75;38.5;37.75;38.25;50096;1913956
OTTV;0.0025;0.0026;0.0017;0.0022;51624052;108330
OXIS;0.021;0.024;0.02;0.021;4855176;105026
OXLC;10.83;10.9;10.8;10.82;76647;831439
OZRK;48.87;49.99;48.28;48.32;1845158;89927356
PAAS;18.09;18.22;17.86;18.21;1079669;19516018
PACB;5.08;5.0997;4.88;4.89;617787;3065670
PACW;52.79;52.92;51.56;51.65;484497;25165982
PARS;0.0201;0.03;0.015;0.0151;70981;1595
PATK;62.5;62.6;60.9;61.1;95187;5846603
PAYX;58.36;58.65;58.22;58.45;1385250;80931166
PBCT;17.88;17.915;17.62;17.69;2704220;47950939
PBHG;0.0001;0.0002;0.0001;0.0002;88368433;9354
PBMD;2.4;2.45;2.4;2.4325;12164;29474
PBYI;36.2;37.399;35.6;35.7;499356;18074723
PCAR;67.46;67.52;65.55;65.65;1292521;85342814
PCBC;8.25;8.25;8.25;8.25;300;2475
PCHM;0.6;0.6;0.6;0.6;900;540
PCLN;1774.58;1774.9;1750.01;1750.01;248293;436436723
PCRFY;11.47;11.51;11.35;11.46;80457;919973
PCRX;46.4;46.65;44.85;45.5;654988;29809589
PCTI;7.2;7.31;7.0701;7.13;57547;410743
PCTY;38.17;38.74;37.96;38.22;114784;4393321
PCYO;5.56;5.65;5.525;5.575;38684;215924
PDCE;64.78;65.99;64.01;64.39;630175;40818012
PDCO;44.16;44.19;43.63;43.9;636413;27915749
PDEX;4.3;4.45;4.3;4.45;700;3080
PDFS;22.53;22.53;22.21;22.33;70974;1584681
PDLI;2.03;2.09;2.02;2.03;1871215;3837988
PDMI;0.0002;0.0002;0.0002;0.0002;780245;156
PEBK;27.8001;28.9;27.6401;28.65;2201;61772
PEBO;31.72;31.92;31.26;31.55;15189;478689
PEGA;43.95;44.8;43.75;44.5;231612;10287014
PEIX;7.15;7.2;6.95;6.95;359016;2514247
PENN;18.95;18.99;18.68;18.76;1191166;22402412
PERY;20.32;20.44;20.02;20.36;137137;2776121
PESI;3.25;3.25;3.15;3.25;1500;4815
PETS;21.46;21.49;21.21;21.37;148270;3163065
PFBC;51.21;51.27;50.19;50.4;26369;1331968
PFBI;21.16;21.16;20.3601;20.53;6828;140679
PFI;30.369;30.369;29.932;30;16631;499672
PFIN;6.56;6.7985;6.55;6.66;8305;55276
PFPT;73.35;74.79;73.14;74.62;436953;32433740
PFSW;6.64;6.64;6.29;6.33;50597;324081
PGAS;0.03;0.03;0.03;0.03;32500;975
PGJ;33.98;33.9819;33.88;33.9163;1115;37838
PGLO;0.0051;0.00596;0.0031;0.0031;53325;259
PGNPQ;0.0385;0.0399;0.038;0.0399;806521;31036
PGNX;8.21;8.355;7.99;8.22;1208136;9929521
PGUS;0.02359;0.024;0.0225;0.0229;572378;13093
PHII;11.8001;11.8001;11.8001;11.8001;425;5015
PHIIK;12.03;12.05;11.63;11.9;52596;623263
PHMD;1.62;1.62;1.47;1.62;41787;65633
PHO;26.06;26.06;25.79;25.82;21237;550454
PHOT;0.006;0.017;0.006;0.0093;3700393;33309
PHRX;0.0013;0.00155;0.0013;0.00155;30500;40
PI;31.11;31.6099;30.78;31.39;199987;6261066
PICO;14.5;14.755;14.5;14.75;190835;2797475
PID;15.11;15.11;15.0034;15.06;133268;2006557
PIHN;0.0002;0.0002;0.0002;0.0002;19952;4
PIO;22.63;22.646;22.55;22.5956;5594;126306
PIRGF;2.5416;2.6;2.4957;2.5623;25596;64675
PIRS;2.39;2.39;2.2808;2.3;64238;149010
PKBK;21.4;21.5;21.4;21.45;1401;30031
PKOH;38.75;38.75;36.8;37.2;19054;713362
PLAB;10.8;10.825;10.6;10.75;195997;2107066
PLAY;59.83;60.04;59.23;59.63;443105;26468005
PLCE;112.75;113.05;110.7;111.55;310993;34779386
PLGTF;0.3883;0.4234;0.3883;0.4233;37350;15283
PLPC;50.55;50.55;50.55;50.55;183;9251
PLUG;2.63;2.64;2.3;2.32;22534817;54152554
PLUS;65.7;65.7;64.2;64.6;22190;1437535
PLXS;57.58;57.82;56.77;57.04;118493;6779334
PMBC;7.4;7.55;7.4;7.5;32271;241386
PMCB;0.09585;0.0975;0.09;0.094;4386994;409917
PNFP;63.25;63.6;62.325;62.45;144122;9042557
PNLYY;4.82;4.82;4.8;4.8;720;3468
PNNT;7.92;7.93;7.8399;7.85;145631;1146631
PNRA;313.9;314.42;313.5;314.2;336626;105689892
PNTR;9.1;9.3;9.1;9.27;808;7457
POEFF;1.21;1.21;1.2;1.2;650;782
POLR;0.0002;0.0002;0.0002;0.0002;1000;0
POOL;119.65;119.65;117.31;117.53;119694;14101755
POWI;64.4;64.9;63.35;63.55;40022;2548261
POWL;34.02;34.02;33.11;33.31;12440;415260
PPBI;36;36.2;35.35;35.7;203634;7262937
PPBV;0.00015;0.00015;0.00015;0.00015;500;0
PPC;22.76;22.9;22.68;22.82;438473;10005254
PPHM;0.5569;0.58;0.551;0.551;1595184;896079
PPHMP;22.32;22.3292;21.99;22.04;3751;83024
PPIH;8;8.15;8;8.05;1200;9680
PRAA;31.8;32.15;31.525;32;180362;5760814
PRAH;64.02;64.2444;63.23;63.59;170594;10862134
PRAN;2.73;3.06;2.67;2.86;53708;151691
PRCP;8.5;8.69;8.3335;8.6;23947;203269
PRFT;17.14;17.165;16.91;17.01;72103;1227319
PRGS;29.75;29.85;29.33;29.37;172794;5103493
PRGX;6.4647;6.5;6.45;6.5;14260;92506
PRKR;2.06;2.32;1.97;2.1;644647;1373877
PRLX;0.227;0.227;0.19;0.19;14500;3070
PRMW;12.75;12.87;12.5233;12.63;95787;1212080
PROV;18.64;18.6699;18.53;18.58;2345;43581
PRSC;44.1;44.21;43.2797;43.95;28015;1229045
PRSS;2.909;3.04;2.8;2.85;112368;323891
PRTA;50.3;51.97;49.87;50.61;233357;11838772
PRTK;22;22.5;21.338;21.6;554422;12071065
PRTS;3.45;3.47;3.4;3.46;17924;61710
PRXIQ;3;3;3;3;2500;7500
PRXL;62.04;62.305;61.65;61.83;361402;22372576
PSCF;50.6;50.6;50.061;50.19;9266;465905
PSCH;79.33;79.33;78.4429;78.5;10834;852885
PSDV;1.72;1.7452;1.65;1.68;214279;361995
PSEC;9.18;9.24;9.14;9.17;1835533;16874707
PSIQ;0.0239;0.0239;0.0239;0.0239;2500;60
PSMT;86.65;87.3;86.1;86.95;122455;10635526
PSPW;0.1;0.1;0.1;0.1;100;10
PSTI;1.48;1.48;1.46;1.48;267784;394586
PTC;52.37;53.02;52.06;52.07;964043;50494146
PTCT;10.42;10.75;10.16;10.57;1058486;11069928
PTEN;25.53;25.75;24.84;24.95;2338706;58811266
PTGCY;0.3475;0.3475;0.32;0.32987;26966;9027
PTIE;0.84;0.85;0.8001;0.8004;413384;340343
PTNR;5.24;5.41;5.23;5.25;1112;5849
PTRC;0.9;0.9;0.83;0.9;4818;4181
PTSI;15.13;15.14;14.52;14.87;22704;337968
PTTN;0.00012;0.0002;0.0001;0.0002;19415688;2081
PTX;3.77;3.786;3.5301;3.55;113923;412059
PTXP;17.11;17.29;17.05;17.1;17054;292379
PURE;0.94696;0.95;0.94;0.94;14100;13312
PVHO;0.07;0.07;0.066;0.068;228795;15485
PVTB;59.4;59.57;59.09;59.21;1052694;62423161
PWOD;42.47;43.186;41.96;41.96;1355;57359
PXLW;4.31;4.4;4.3;4.31;138811;601965
PYPL;42.1;42.81;42.06;42.49;4781688;203689797
PZZA;81.25;81.25;79.65;79.77;434900;34809166
QBAK;4.46;5;4.34;4.35;188452;875624
QBIO;5.38;5.5;5.34;5.42;139994;761026
QCLN;16.5783;16.5783;16.3725;16.3725;8643;142323
QCOM;54.64;54.65;53.12;53.39;22238239;1196170583
QCRH;42.9;42.9;42;42.05;11198;473236
QDEL;22.76;22.88;22.45;22.51;66873;1512974
QFOR;0.055;0.055;0.055;0.055;5000;275
QGEN;28.05;28.06;27.77;27.97;633204;17680453
QIWI;17;17.195;16.6;16.82;658394;11090183
QQQ;131.45;131.54;130.78;130.92;14716772;1929313605
QSII;14.82;14.89;14.32;14.33;304702;4392480
QTWWQ;0.045;0.045;0.0381;0.0381;58491;2336
QUIK;1.56;1.59;1.56;1.57;430697;679285
QUMU;2.79;2.84;2.68;2.68;47889;132109
QURE;5.7;5.75;5.58;5.62;44729;251949
RADA;1.1502;1.1502;1.11;1.12;57541;64317
RAMPF;10.92;10.92;10.7472;10.7472;1300;14110
RAND;3.04;3.04;3.01;3.01;200;605
RARE;57.89;58.71;57.2;57.66;306709;17771682
RAVN;29.2;29.2;28.35;28.45;120110;3440898
RBCAA;33.8;34.57;33.53;33.67;10024;340446
RBCN;0.7619;0.798;0.75;0.77;96751;74918
RBPAA;3.95;4;3.8801;3.98;20212;79950
RBYCF;1.3545;1.369;1.339;1.369;2516;3419
RCII;10.85;10.85;10.51;10.53;2581042;27449542
RCKY;11.15;11.25;11.1;11.1999;8210;91825
RCMT;4.9575;4.9799;4.94;4.94;5818;28853
RCPIQ;0.0016;0.0016;0.0016;0.0016;68201;109
RDCM;18.6674;18.8;17.75;17.95;23669;430842
RDEMF;0.5732;0.577;0.54;0.5767;63800;35014
RDHL;10.17;10.2;9.8067;10.12;31775;320903
RDWR;15.59;15.61;15.35;15.36;158741;2455434
RECN;13.6;13.675;13.3;13.425;77422;1041732
REDFY;0.13576;0.1797;0.13576;0.17;15600;2365
REEMF;0.195;0.24;0.195;0.23;50717;11478
REFR;1.34;1.45;1.322;1.37;13492;18436
REGI;10.3;10.35;10.15;10.2;157188;1607094
REGN;367;372.6;364.23;366.33;512920;188156355
RELL;6.01;6.1;5.94;5.95;36140;217913
RELV;5.7;5.7;5.31;5.5;7100;38209
RELY;2.4;2.45;2.1274;2.35;534072;1227364
REVI;0.0816;0.0816;0.081;0.081;200;16
RFMK;0.00775;0.00775;0.00775;0.00775;8500;66
RGBP;0.05084;0.0515;0.0441;0.0509;399157;18623
RGCO;22.25;24.03;22.227;23.24;15007;341703
RGEN;34.78;35.35;34.19;35.14;180505;6343122
RGLD;74.61;74.7372;73.69;74.61;318982;23709833
RGLS;1.45;1.5;1.4;1.45;798948;1158191
RGSE;1.2;1.2;1.12;1.13;261349;298354
RHHBY;32;32.24;31.97;32.23;643491;20666227
RICK;17.14;17.25;16.84;17.22;20316;347631
RIGH;0.0001;0.0002;0.0001;0.0001;665335;118
RIGL;3.15;3.195;3.1;3.11;436465;1368084
RINO;0.0001;0.0001;0.0001;0.0001;200;0
RITT;0.0151;0.0151;0.0151;0.0151;5000;76
RMBS;12.75;12.78;12.55;12.58;332612;4196695
RMCF;11.3;11.3;11.1606;11.3;28537;319961
RMLFF;0.1531;0.1531;0.1387;0.1477;1044300;152406
RMTI;6.22;6.33;6.17;6.21;61747;383917
RNET;22.75;22.75;21.4;21.55;27605;607977
RNVA;1.42;1.42;1.15;1.23;522871;699955
RNWK;4.35;4.36;4.27;4.29;822870;3545881
ROBO;31.82;31.83;31.52;31.57;107599;3403185
ROCK;40.35;40.35;39.05;39.1;116763;4603748
ROIA;3.3;3.5;3.3;3.5;1123;3883
ROIAK;3.5;3.5;3.4;3.45;5303;18265
ROIC;21.52;21.63;21.41;21.52;415530;8934800
ROLL;95.85;96.43;93.15;93.41;77089;7311477
ROSG;2.75;2.78;2.66;2.68;13373;36327
ROST;64.08;64.09;63.645;63.73;1703492;108726319
RPDT;0.01;0.01;0.01;0.01;1000;10
RPRX;1.1;1.1;1.02;1.03;173340;182210
RPXC;12.48;12.48;12.17;12.27;281014;3452444
RRGB;57.45;59.3;57.1;58.75;281110;16372870
RSPI;3.5;3.5;3.07;3.1;5797;18470
RSYS;3.95;4.04;3.82;3.82;32525;126621
RTIX;3.9;3.95;3.85;3.9;60730;235680
RTK;0.4326;0.4449;0.375;0.4002;365816;146637
RTRX;18.08;18.34;17.89;17.98;168021;3034453
RUN;5.44;5.47;5.3;5.33;780477;4195227
RUSHB;31.8;31.8;31.17;31.29;10387;326285
RVLT;8.6825;8.7;8.35;8.56;87289;740028
RVSB;7.37;7.4;7.2701;7.4;9745;71805
RWLK;1.9;2.05;1.9;1.95;52654;104144
RXII;0.7612;0.7789;0.75;0.7557;281277;213560
RYAAY;86.92;87.09;86.09;86.3;154070;13351425
SAFM;106.8;107.8;106.145;107.05;347167;37185621
SAFT;69.65;69.95;68.1795;69.6;32153;2238820
SAGE;69.92;73;69.57;72;256620;18399242
SALE;11.55;11.6;11.55;11.55;1737715;20085888
SALM;6.95;7.05;6.85;6.9;7650;53060
SANM;39.55;39.75;38.7;38.85;360979;14054193
SASR;40.44;40.53;39.81;40.11;31948;1284298
SBAC;123.37;123.98;122.1731;123.07;692449;85439449
SBBP;4.15;4.25;4.05;4.15;9126;37660
SBCF;23.87;23.9;23.49;23.5;161091;3805556
SBGI;39.55;39.75;39.025;39.2;704638;27651948
SBLK;12.63;12.81;11.87;12.15;936175;11395318
SBOT;1.37;1.37;1.3206;1.3468;34229;46055
SBRCY;10.875;11.0161;10.76;10.945;1335766;14682888
SBUX;57.88;57.895;57.48;57.58;4472564;257848161
SCBFF;9.13;9.13;9.13;9.13;890;8126
SCGLY;9.48;9.52;9.42;9.495;150755;1425009
SCHL;43.16;43.26;42.14;42.41;70604;2999223
SCHN;19.9;20.05;18.7;18.8;513947;9775895
SCIL;0.568;0.6;0.568;0.6;1000;590
SCLN;9.8;9.85;9.6;9.7;126460;1222294
SCON;1.55;1.85;1.55;1.71;1093501;1880722
SCOR;24.4;25.25;24.4;25.09;700240;17540294
SCSC;38.35;38.45;37.55;37.6;68665;2604856
SCSS;25.13;25.38;24.695;24.82;962180;23971598
SCVL;24.88;24.88;24.37;24.58;121261;2973353
SCZ;54.03;54.179;53.91;54.15;1367400;73857783
SDRG;0.026;0.028;0.025;0.028;1172462;32070
SDXAY;23.85;23.855;23.29;23.855;39912;939998
SEAC;2.35;2.45;2.301;2.45;717130;1700613
SEDG;15.9;15.95;15.5;15.8;620266;9776784
SEED;2.14;2.18;2.07;2.08;20911;44287
SEIC;51.83;51.83;51.12;51.22;340448;17498243
SENEB;34.95;34.95;34.95;34.95;500;17475
SENZ;0.62;0.62;0.62;0.62;1000;620
SEV;13.95;13.95;13.29;13.49;11388;154541
SEVA;0.00013;0.00013;0.0001;0.0001;2200;0
SFLY;49.34;49.75;48.87;48.97;230804;11350903
SFM;23.24;23.46;22.81;22.9;1480660;33974508
SFMI;0.0001;0.0002;0.0001;0.0002;27990633;2910
SFTBF;71.6;71.6;71.1;71.16;1900;135382
SGEN;63.43;65.13;62.91;64.3;725180;46480456
SGMA;5.18;5.314;5.085;5.085;7050;36899
SGMO;4.35;4.4;4.25;4.25;259737;1117219
SGMS;22.3;22.4;21.45;21.45;543926;11799145
SGOC;2.45;2.45;2.35;2.35;3606;8609
SGRP;1;1.01;0.9225;1.01;9852;9462
SGTZY;4.81;4.81;4.75;4.8;3800;18104
SGYP;4.5;4.58;4.43;4.5;7084994;31825069
SHEN;29.2;31.1;29.1;31.05;277829;8473227
SHLD;13.2;13.93;13.06;13.35;2058894;27811311
SHLM;30.1;30.1;29.45;29.8;257614;7662104
SHLO;12.21;12.21;11.76;11.95;46422;554216
SHOM;0.0012;0.0013;0.0011;0.0012;3634894;4380
SHOO;37.5;37.5;36.825;36.9;292360;10838818
SHOR;6.35;6.35;6.2;6.3;393309;2469460
SHPG;169.79;171.62;169.45;171.28;438910;74914940
SHSH;0.0127;0.0127;0.0127;0.0127;60343;766
SIAF;3.855;3.86;3.75;3.81;52564;200469
SIEB;3.85;3.8799;3.66;3.85;15151;57248
SIEGY;67.6787;67.77;67.34;67.69;53166;3592020
SIFY;0.8991;0.9;0.861;0.8775;17468;15367
SIGI;45.7;45.85;45.1;45.35;228329;10389487
SIGM;5.6;5.75;5.55;5.65;418098;2351776
SILC;46.58;46.58;45.43;45.59;20244;928621
SIMO;47.19;47.57;46.54;46.83;729318;34236900
SINA;69.25;70.105;69.235;69.73;605635;42256582
SING;0.0384;0.0461;0.0384;0.0429;3019055;127329
SIRI;5.06;5.12;5.05;5.09;20157282;102653893
SIVB;182.2;183.82;178.6;179.46;308727;55752330
SKYW;31.95;31.95;30.4;30.4;339426;10497958
SLAB;70.35;70.45;69.4595;69.7;303964;21236273
SLGN;58.42;58.63;58.11;58.3;222576;12976789
SLP;10.95;11.25;10.875;11.15;49143;542805
SLRC;22.66;22.74;22.54;22.59;31039;701562
SLVO;9.17;9.24;9.16;9.23;35423;326268
SMBC;33.9;34.7982;33.9;34.31;20038;684230
SMIZF;13.8419;13.8419;13.68;13.68;3676;50466
SMMT;11.21;11.9499;11.21;11.63;3900;45191
SMRT;2.72;2.73;2.64;2.66;325741;868295
SMSI;0.9205;0.9205;0.9;0.9;10735;9853
SMSMY;9.19;9.19;9.19;9.19;569;5229
SMTC;32.7;32.8003;31.85;32.1;562545;18102671
SMTX;1.2454;1.26;1.2381;1.26;16680;20715
SNBC;24.45;24.45;24.2;24.2;10502;254810
SNCR;24.18;24.232;23.69;23.9;340003;8127630
SNDY;0.0063;0.0064;0.0063;0.0064;719;5
SNFCA;6.525;6.65;6.4;6.6;12450;81086
SNH;21.8;21.825;21.65;21.72;1219837;26499458
SNMX;0.93;0.97;0.9;0.929;281603;264111
SNOA;6.9;7.14;6.881;7.13;10561;73481
SNPS;71.83;71.9;70.86;70.97;449858;31975490
SNSS;3.91;4.09;3.81;3.89;82643;323616
SODA;51.21;52.26;49.99;50.41;295319;15038717
SOEN;0.0012;0.0012;0.0012;0.0012;4670;6
SOFO;5.11;5.11;5.11;5.11;0;0
SOHU;39.84;40.12;39.58;39.75;101613;4051538
SONC;25.57;25.62;25.12;25.22;689397;17402455
SONS;6.63;6.73;6.63;6.67;135507;903661
SONT;0.00395;0.0049;0.0025;0.00488;134100;427
SOQDF;0.0013;0.0013;0.0013;0.0013;180;0
SORL;4.55;4.74;4.4;4.48;451522;2076089
SPAN;22.03;22.03;21.4515;21.4515;280;6111
SPAR;7.6;7.7;7.5;7.5;120983;921835
SPDC;0.04;0.064;0.04;0.04;2599;123
SPEX;1.14;1.1748;1.1;1.1214;63131;71594
SPHS;2.58;2.5801;2.5;2.53;238598;604356
SPIL;8.03;8.04;8.02;8.03;152517;1224798
SPIR;0.014;0.014;0.012;0.012;800;10
SPKKY;12.45;12.5;12.44;12.46;21539;268562
SPLK;60.88;61.58;60.3288;60.72;678974;41243766
SPLS;9.64;9.65;9.42;9.51;7467928;71078271
SPNC;27.85;28.25;27.7;28.15;217425;6096546
SPNS;13.35;13.35;13.1001;13.23;17650;233427
SPOK;18.5;18.85;18.45;18.75;51616;962695
SPOXF;1.6637;1.69;1.66;1.67;64191;107273
SPPI;6.2;6.25;6.1;6.11;487910;2999097
SPRL;0.0002;0.0002;0.0002;0.0002;95000;19
SPRT;2.2359;2.255;2.22;2.22;21177;47370
SPTN;35.2;35.445;34.91;35.19;143187;5033294
SPU;5.78;6.35;5.1203;5.33;285508;1548544
SPWR;6.65;6.79;6.54;6.73;1779905;11843031
SQQQ;37.86;38.4348;37.78;38.3;2396780;91489479
SRCE;45.35;45.58;44.56;44.73;52700;2359271
SRCL;81.62;81.76;80.85;81.27;337398;27394850
SRDX;23.2;23.65;23;23.5;72893;1699492
SRET;15.14;15.15;15.12;15.14;17160;259718
SREV;3.67;3.72;3.56;3.61;125376;455544
SRGE;0.0001;0.0001;0.0001;0.0001;500000;50
SRNE;3;3.05;2.9;2.95;88033;261237
SRPT;28.29;29.89;28.16;29.41;1484201;43608113
SRTI;0.023;0.0265;0.023;0.0265;600;14
SSH;1.79;1.79;1.65;1.66;347052;585130
SSKN;2.8153;2.99;2.81;2.84;13739;39585
SSNC;35.09;35.5969;35.01;35.57;943652;33396690
SSRI;11.28;11.415;11.15;11.36;2667745;30148618
SSYS;21.1;21.37;20.81;21;405966;8549517
STAA;9.6;9.75;9.5;9.5;21123;201949
STB;6.1;6.1;5.97;5.98;245861;1480750
STBA;34.06;34.21;33.51;33.74;33923;1147823
STBI;16;16;15.954;15.954;400;6391
STEV;0.0171;0.02;0.0167;0.017;568963;9928
STFC;26.76;26.9;26.69;26.75;30622;819670
STKL;6.75;6.8;6.6;6.75;214394;1443894
STKR;0.10542;0.11;0.10542;0.11;1100;116
STLD;34.35;34.67;33.61;33.84;2462735;83784129
STLY;0.772;0.78;0.772;0.772;3008;2343
STMP;107.85;108.4;101.25;103;982485;101885508
STRA;78.67;78.67;76.88;76.99;20605;1594161
STRS;27.8;27.85;27.35;27.35;1053;28935
STRT;23.6;23.75;23.425;23.65;7149;168950
STTX;0.0099;0.0099;0.0099;0.0099;1800;18
STX;49.01;49.09;47.71;48.34;3529567;170568373
STXS;0.5772;0.596;0.5772;0.596;58729;34336
SUHJY;15.17;15.17;15.09;15.14;18076;273576
SUNEQ;0.05255;0.062;0.0515;0.062;1621164;95351
SUNW;1.57;1.59;1.52;1.54;109435;171247
SVA;5.57;5.68;5.57;5.61;8515;47862
SVBI;7.05;7.055;7.05;7.05;1600;11284
SVCMF;1.4959;1.5188;1.4632;1.5083;8599;12761
SVIN;31;31;31;31;1100;34100
SVMLF;3.955;4.0548;3.9269;4.0263;121092;483454
SVON;0.18755;0.18755;0.18755;0.18755;200;38
SWHI;0.0059;0.0059;0.0041;0.0046;263312;1134
SWIR;26;26.205;25.5;25.5;278302;7186103
SWKS;100.23;100.4;96.98;97.59;2962970;290602459
SWTF;27.02;27.02;27.02;27.02;2145;57958
SYCRF;2.28;2.282;2.27;2.27;23604;53703
SYKE;28.56;28.725;28.38;28.55;52270;1493244
SYMC;30.07;30.395;29.99;30.05;4636401;139583544
SYMX;0.86;0.9;0.7801;0.8616;585396;484330
SYNA;51.15;51.33;50.23;50.6;571383;28981206
SYNC;3.5;3.6;3.45;3.525;361522;1278278
SYNT;16.69;16.7;16.48;16.64;1072538;17812194
SYPR;1.05;1.05;1.05;1.05;4000;4200
SYTE;0.086;0.086;0.086;0.086;9000;774
TA;6.35;6.375;6.25;6.3;104304;659392
TACT;8.25;8.495;8.25;8.45;4499;37731
TAGG;0.0001;0.0001;0.0001;0.0001;100;0
TALK;0.0004;0.0005;0.0004;0.0004;9406519;4126
TAST;13.95;14;13.6;13.7;254479;3495550
TATT;9.7502;9.8;9.5501;9.6501;3723;35977
TAUG;0.0018;0.002;0.0017;0.0019;3380242;6051
TAYD;13.6204;13.84;13.55;13.84;803;10931
TBBK;5.15;5.15;4.98;5.03;152502;768287
TBIO;0.56;0.58;0.54;0.545;58092;32456
TCBI;83.1;83.5;80.8;80.9;308941;25172075
TCBK;34.28;34.28;33.69;33.86;22142;751062
TCCO;2.6877;2.6877;2.5498;2.5498;200;524
TCRD;10.02;10.03;9.97;10.01;120108;1201971
TEAM;31.01;31.64;31.01;31.6;493647;15516225
TECD;92.41;92.64;89.08;89.4;280091;25227904
TECH;100.53;101.45;99.65;99.87;152752;15276535
TEDU;19.05;19.5;19.05;19.1;117331;2249362
TELL;12.12;12.35;11.65;11.71;186389;2208733
TENX;0.49;0.5;0.48;0.4886;203719;99325
TERP;12.32;12.47;12.24;12.36;192504;2379134
TESO;7.3;7.4;7;7.1;96463;687771
TESS;14.05;14.5;13.65;13.8;16875;237646
TGA;1.61;1.64;1.61;1.635;74972;122268
TGEN;3.69;3.69;3.6;3.69;6787;24560
TGICQ;0.0155;0.0155;0.01454;0.01454;53033;793
TGTX;10.3;10.3;9.95;10;852297;8599779
THCT;0.6333;0.6333;0.55;0.5708;70129;41959
THFF;46.65;46.75;45.8;46.15;15732;726336
THLD;0.541;0.5479;0.53;0.5301;361006;193282
TICC;7.4;7.42;7.3297;7.36;137211;1010674
TILE;19.3;19.35;18.65;18.8;302379;5699252
TITN;15.33;15.33;14.81;14.99;91963;1379696
TIVO;19.25;19.25;18.3;18.5;538573;10030733
TKRFF;0.5789;0.5789;0.553;0.5595;23440;13192
TLF;8.1;8.1;7.95;8.05;4170;33367
TLGN;0.0516;0.0516;0.0516;0.0516;450;23
TLSYY;15.83;16.06;15.81;15.98;240606;3826798
TLT;122.51;123.185;122.29;123.09;8378700;1028357578
TMMI;0.053;0.0565;0.0525;0.0525;20073;1063
TMRC;0.25;0.295;0.242;0.27611;26200;6651
TNEN;0.0091;0.0091;0.0085;0.0085;6000;53
TNXP;4.61;4.89;4.53;4.75;738208;3459075
TORZ;0.12;0.12;0.12;0.12;800;96
TOUR;8.28;8.34;8.18;8.25;132520;1095566
TPIV;4.1;4.18;4.0901;4.11;9039;37204
TPNI;0.0002;0.00021;0.0002;0.0002;1078000;216
TQQQ;86.28;86.46;84.98;85.24;2588889;221628363
TRDX;0.0001;0.0002;0.0001;0.0002;1183000;205
TRIB;5.55;5.97;5.55;5.9;56519;326560
TRIP;41.45;42.1;41.2;41.5;1548870;64426970
TRMB;31.39;31.39;30.76;30.84;560024;17336749
TRMK;31.59;31.91;30.95;31.12;150481;4689900
TRNS;12;12.1;12;12.1;3721;44753
TROV;0.753;0.8984;0.7071;0.8571;1267059;1066141
TROW;69.7;71.17;69.7;70.45;1727160;121660788
TRST;7.8;7.85;7.6;7.65;208492;1601544
TRTC;0.2521;0.259;0.245;0.253;3075765;768047
TRVN;3.28;3.37;3.23;3.32;314295;1040199
TRXXF;0.5279;0.5354;0.5279;0.5354;5000;2643
TSBK;21.9727;22.55;21.9727;22.25;2519;56168
TSCDY;6.965;6.985;6.9;6.96;132953;923229
TSCO;67.11;67.4;64.57;64.61;7969951;524057530
TSEM;21.61;21.619;21.13;21.21;475444;10118238
TSLA;306.34;308.4481;296.32;296.84;5027315;1517335690
TSNP;0.0001;0.0001;0.0001;0.0001;5000000;500
TSRI;5;5;4.65;4.75;12451;59588
TSRMF;0.603;0.6044;0.603;0.6044;2500;1508
TTD;37.69;37.705;36.95;37.21;457463;17058846
TTDKY;60.17;60.291;60.15;60.291;758;45623
TTEC;29.2;29.4;29;29.25;39967;1167574
TTEK;41.85;41.85;41.1;41.2;353099;14616405
TTMI;16.11;16.2;15.65;15.875;1630104;25996265
TTPH;8.01;8.095;7.8;7.85;240576;1900202
TTWO;58.24;58.35;57.78;57.87;861782;49955791
TUES;3.65;3.8;3.5;3.55;205279;741232
TURN;1.44;1.45;1.42;1.44;17141;24436
TVIX;44.52;45.72;43.23;44.8;5541723;247281347
TWER;0.135;0.135;0.135;0.135;16600;2241
TWMC;1.9;1.95;1.8972;1.94;10188;19555
TWMJF;7.7943;7.87;7.5486;7.7378;221122;1699867
TXCCQ;0.0003;0.0003;0.0003;0.0003;326;0
TXN;79.48;79.68;78.2;78.48;4758095;373985015
TZOO;9.7926;9.85;9.651;9.75;19467;189797
UAHC;0.13995;0.14;0.0884;0.1054;23311;2938
UBCP;11.9;12.125;11.755;11.85;4136;49647
UBFO;7.15;7.2;7.1;7.1;2280;16326
UBSH;35.01;35.01;34.23;34.49;42344;1463436
UBSI;40.55;40.95;39.5;39.65;1316565;52577076
UCBI;26.75;26.93;26.23;26.32;120611;3185724
UCFC;8.18;8.29;8.06;8.19;30453;249362
UCPA;0.0024;0.00319;0.0018;0.0031;5463362;12314
UCTT;15.61;15.68;15.22;15.32;311294;4781316
UEIC;68.15;68.5;67.55;67.75;45636;3097127
UEPS;11.23;11.32;11.15;11.24;52278;587902
UEXCF;0.24622;0.24622;0.2374;0.2389;12925;3087
UFCS;42.89;42.89;42.18;42.6;33429;1423578
UFPI;98.1;98.1;95.67;96.53;51637;4992774
UFPT;24.65;24.9;24.3501;24.5;7183;176270
UGLD;11.09;11.3;11.02;11.24;662048;7367028
UHAL;365.27;365.64;360.51;361.59;28940;10495009
UHLN;0.0005;0.0005;0.0004;0.0005;1980000;988
UIHC;15.38;15.38;14.9;15.06;76482;1155501
ULBI;5.35;5.5;5.3;5.45;65268;348129
ULTA;285.71;286.18;283.03;283.78;251927;71588059
ULTI;198.78;199.68;197.55;198.6;88921;17660740
UMBF;74.43;74.43;72.79;73.47;155509;11436145
UMPQ;17.18;17.28;16.93;17.02;1085220;18506305
UNAM;9.65;9.65;9.65;9.65;100;965
UNDT;0.08495;0.08495;0.08495;0.08495;100;8
UNFI;41.36;41.9;40.8;41.8;698673;28923825
UNGS;0.0001;0.0001;0.0001;0.0001;11700000;1170
UNTY;16.85;16.85;16.75;16.85;1784;30038
UNXL;0.77;0.7997;0.77;0.7949;162275;126896
UPMKY;23.8;23.86;23.7201;23.86;1483;35251
URBN;22.79;23.03;22.6;22.85;1908543;43666413
URPTF;3.06;3.14;3.06;3.129;2545;7922
URRE;2.09;2.09;1.85;1.87;1415910;2757383
USAK;7.48;7.48;7.07;7.33;74077;537289
USAP;17.7;17.76;16.92;16.97;31289;535394
USAT;4.55;4.55;4.35;4.4;102796;457476
USEG;0.96;0.98;0.9018;0.94;22639;21484
USEI;0.0006;0.0006;0.0005;0.00055;5932159;3481
USLM;79.19;79.7;77.5417;78.6;10532;823899
USLV;16.59;16.88;16.35;16.87;1472997;24433778
UTEK;29.3;29.35;29.19;29.23;79941;2339255
UTHR;122.41;123.5424;121.31;121.95;317758;38888378
UTMD;61.95;62.2;61.5;61.95;2696;166991
UTSI;1.9766;1.99;1.96;1.96;5840;11534
UURAF;0.2192;0.2192;0.2;0.2187;143093;30112
UVSE;0.0001;0.0001;0.0001;0.0001;500000;50
UWTIF;23.31;23.31;21.97;22.18;69355;1561766
VALU;17;17.2013;16.65;16.65;3085;52312
VASO;0.105;0.105;0.0901;0.099;107028;10708
VCEL;2.6;2.7;2.5657;2.6;152808;404667
VCYT;8.49;8.6;8.27;8.4;32756;276598
VDSI;12.3;12.3807;12.1;12.1;219102;2681232
VECO;28.6;28.8;28.05;28.15;194065;5504860
VELTF;0.003;0.003;0.003;0.003;2000;6
VEOEY;18.1;18.31;18.0912;18.31;25682;467217
VEON;3.97;3.99;3.9;3.91;4084686;16077072
VIAV;9.82;9.86;9.46;9.47;3818017;36603766
VICL;2.18;2.18;2.13;2.15;173691;372943
VICR;16;16;15.5;15.8;13053;205894
VIVO;13.55;13.7;13.25;13.6;189050;2555839
VKIN;0.17721;0.17721;0.17721;0.17721;360;64
VLGEA;26.69;26.84;26.24;26.67;14196;377553
VLTC;1.15;1.15;1.03;1.1;9878;10807
VNDA;13.95;13.95;13.55;13.75;373801;5132446
VNET;5.5;5.5;5.405;5.48;236287;1289212
VNNHF;0.6128;0.6128;0.469;0.54;888172;486515
VNQI;54.24;54.42;54.16;54.42;524577;28471769
VNRSQ;0.071;0.075;0.071;0.0714;384564;27717
VOD;25.91;26.025;25.83;26.01;3952648;102572367
VOXX;5.15;5.25;5;5.05;84929;436635
VPRO;0.0017;0.0017;0.0016;0.0016;1600000;2561
VREX;33.2;33.75;33.14;33.32;164812;5508335
VRML;1.87;1.8872;1.79;1.81;82667;151021
VRNT;40.75;40.75;39.75;39.75;304959;12219911
VRSN;88.93;88.93;87.85;87.94;487410;43023830
VRTS;107.65;109.25;106.75;108.5;26635;2881161
VRTX;114.23;115.8;113.69;114.86;846049;96990644
VRTY;0.0035;0.0035;0.0035;0.0035;12060;42
VSAT;63.3;63.51;62.47;62.53;129042;8117003
VSEC;40.27;40.81;39.2;39.28;40293;1602055
VSTM;1.74;1.74;1.61;1.62;347607;575431
VTGN;2.02;2.08;1.925;2.08;22714;45589
VVUS;1.04;1.05;1.03;1.04;219637;227990
VWSYF;82.2599;82.2599;81.83;82.23;2669;218823
VXUS;49.5;49.55;49.335;49.55;706083;34918266
VYGR;11.56;11.56;11;11.01;163533;1828887
WABC;54.72;54.92;53.73;53.82;69156;3737879
WACLY;60.83;61.03;60.83;61.005;801;48846
WASH;49.35;49.725;48.7;48.85;22104;1086103
WATT;14.79;14.929;14.48;14.49;164773;2413299
WB;50.33;50.97;50;50.38;782914;39445576
WBA;82.44;82.83;82.31;82.57;2348712;193998452
WBMD;52.58;52.7;50.995;51.7;508807;26295565
WCFB;9.7;9.7;9.7;9.7;298;2891
WCST;2.65;2.85;2.63;2.8;91963;253492
WDC;86.25;86.48;83.69;84.21;4976578;419950345
WDDD;0.024;0.0245;0.024;0.024;105438;2532
WDFC;103.9;104.15;103.35;103.65;40587;4211098
WDRP;0.009;0.0092;0.0085;0.0092;481908;4203
WEDXF;2.3899;2.3899;2.3899;2.3899;500;1195
WERN;25.95;25.95;25.05;25.2;779017;19767219
WEST;0.0002;0.0003;0.0002;0.0003;6600;2
WETF;8.6;8.84;8.48;8.7;4511481;39022269
WEYL;4.3;4.55;4.3;4.5;6540;28315
WEYS;28.17;28.17;27.3484;27.8;17035;473979
WFM;33.87;34.35;33.65;34.12;10451449;355886170
WGNR;0.015;0.015;0.015;0.015;130000;1950
WGPLF;0.19;0.2124;0.19;0.2011;8489;1712
WHZT;1.03;1.06;1;1.03;5250;5440
WIFI;13.25;13.25;12.88;13.05;151575;1970486
WIN;5.68;5.6958;5.5;5.55;3251631;18091273
WINS;91.8;92.02;85.01;85.01;900;79534
WINT;1.43;1.48;1.32;1.43;603963;846495
WIRE;45.1;45.1;42.9;43.5;76643;3338410
WIZD;0.162;0.18;0.135;0.18;5700;986
WLFC;22.88;22.88;22.1701;22.31;12788;287344
WMAR;9.56;9.56;9.44;9.49;18377;174371
WMGI;29.97;30.11;29.3;29.4;858470;25350154
WMTM;0.0056;0.0056;0.0044;0.0044;70000;337
WNBD;0.0002;0.0002;0.0001;0.0002;141669075;27195
WNDW;2.965;2.99;2.95;2.95;10360;30629
WNEB;10.2;10.25;10.1;10.2;14366;146225
WOOF;91.57;91.69;91.49;91.5;507303;46450104
WPCS;1.2877;1.32;1.21;1.21;95797;118683
WPPGY;108.46;108.93;108.25;108.6;50620;5494018
WPRT;1.03;1.05;0.94;1.01;525198;526090
WRAP;0.028;0.028;0.02;0.02;121614;3021
WRLD;51.96;52.88;50.96;51.16;84890;4401489
WSBC;37.72;37.87;37.07;37.44;83863;3138048
WSFS;46.55;46.55;45.7;45.7;79540;3660175
WSGI;0.0001;0.0001;0.0001;0.0001;827038;83
WSTC;24.45;24.56;24.06;24.37;150106;3650988
WSTL;0.67;0.6899;0.655;0.665;169054;114066
WTBA;22.95;23.0499;22.35;22.8;11904;271947
WTFC;67.98;68.2;66.61;66.68;243172;16304734
WVFC;14.6017;14.6017;14.6;14.6;400;5840
WYNN;116.63;117.0703;114.74;115.39;1354749;156494957
XCRA;9.7;9.8;9.66;9.7;2722747;26491163
XGTI;1.45;1.45;1.4;1.45;166582;238273
XIV;64.24;65.13;63.28;64.02;16921256;1084207829
XLNX;55.67;56.17;54.99;55.1;2536755;140438853
XOMA;6.46;6.54;6.24;6.48;69928;448114
XONE;9.59;9.62;9.44;9.51;45922;436512
XPER;32.25;32.3;31.95;32;517290;16579553
XRAY;62.45;62.56;61.91;61.99;808889;50234659
XSNX;0.0012;0.0014;0.00118;0.0014;2472190;3004
XTRM;0.0018;0.0041;0.0018;0.002;10574134;27766
XXIA;19.625;19.65;19.6;19.65;210793;4138636
YARIY;41.21;41.46;41.21;41.4;3471;143279
YHOO;46.8;47.16;46.67;46.83;3892979;182440613
YIPI;0.75;0.75;0.7402;0.7402;9600;7199
YNDX;22.27;22.8;22.26;22.78;2247088;50889795
YORW;35.1;35.15;34.5;34.75;18856;655672
YRCW;10.68;10.69;10.26;10.3;428943;4456784
YTEN;0.48;0.48;0.4001;0.45;21365;9769
YY;45.31;45.49;43.38;44.29;1096230;48473627
YZCAY;9.35;9.39;9.31;9.38;12045;112674
Z;34.57;35;34.4;34.47;669440;23120891
ZAAP;0.01998;0.02;0.0199;0.0199;89788;1788
ZAZA;0.05;0.05;0.05;0.05;3500;175
ZBRA;91.76;92.61;88.65;88.71;229983;20571684
ZDPY;1.32;1.32;1.23;1.24;6986;8715
ZEUS;19.52;19.52;18.1166;18.37;176271;3269158
ZFGN;4.74;4.89;4.72;4.81;56510;272457
ZG;34.37;34.96;34.1;34.21;203778;6996561
ZGNX;10.45;10.5;10.3;10.35;61861;642275
ZION;40.98;41.02;40.06;40.19;2852180;115139154
ZIOP;6.75;7.64;6.65;7.44;3653895;26558540
ZIV;59.4;60.1;59;59.89;51825;3091099
ZIXI;5.1;5.13;5.054;5.1;193326;984437
ZLTQ;56.42;56.44;56.41;56.44;540139;30473292
ZN;1.21;1.21;1.18;1.2;54320;64788
ZNGA;2.79;2.81;2.77;2.78;2904197;8100309
ZOOM;0.0001;0.0001;0.0001;0.0001;3000;0
ZUMZ;17.4;17.6;17.2;17.25;141963;2470876
