AAL;41.4;41.96;41.16;41.72;3318209;138184963
AAME;3.9;4;3.9;3.9;2913;11552
AAON;34.25;34.75;34.05;34.4;73623;2531381
AAPL;144.29;144.52;143.45;143.66;18677538;2688498684
AAXJ;63.3;63.3;63.06;63.22;392116;24778714
ABAX;47.35;47.39;46.63;47.32;49123;2312907
ABCB;44.2;46.15;43.9;44.7;84335;3754138
ABCO;46.9;47.05;46.55;47;280631;13162219
ABEO;5.2;5.2;5.025;5.15;245509;1256255
ABGOF;0.0399;0.04;0.0399;0.04;18100;723
ABIO;2.4;2.45;2.35;2.45;11891;28355
ABMD;125.5;125.9;124.095;125.54;234827;29386960
ABTL;12.21;12.8;12.06;12.52;133107;1649841
ABUS;3.3;3.35;3.2132;3.25;111287;364564
ABVG;0.0003;0.0004;0.0003;0.0004;10359165;3225
ACAD;32.65;32.77;32.02;32.41;1487278;48218135
ACET;14.82;15.14;14.67;15.06;189779;2840731
ACFN;0.34;0.35;0.3201;0.34;53814;18568
ACGL;94.72;94.89;94.02;94.38;239939;22669543
ACGX;0.0021;0.0022;0.0015;0.0017;75660675;131037
ACHN;3.81;3.86;3.7;3.85;1718224;6491798
ACIA;56.36;57.6;56.0301;57.03;591601;33505140
ACLS;17.8;18.35;17.65;18.1;145746;2624870
ACOR;17.05;17.4125;16.75;17.05;1310355;22355318
ACRX;3;3;2.85;2.85;250479;724133
ACTA;14.05;14.1;13.95;14;123684;1734795
ACTG;5.45;5.5;5.3;5.4;108642;588700
ACUR;0.6055;0.6055;0.53;0.54;6808;3695
ACWI;63.14;63.28;63.005;63.16;1595879;100785817
ACXM;27.8;28.22;27.54;28.22;141735;3975356
ADAP;6.01;6.025;5.4;5.5;459002;2591549
ADAT;2.21;2.23;2;2.23;8587;18429
ADBE;129.86;130.22;129.16;130.15;1517919;197215158
ADDYY;94.23;94.24;93.86;94.01;35730;3360160
ADHD;1.05;1.25;1.03;1.22;2841734;3193557
ADI;80.11;80.66;79.59;80.32;2901769;232418113
ADP;101.89;101.91;101.45;101.75;868783;88367959
ADRD;20.91;20.91;20.781;20.839;2113;44074
ADRE;36.69;36.7196;36.5092;36.5092;3882;142142
ADRNY;20.93;20.968;20.74;20.8;28368;591748
ADSK;83.49;84.76;82.7;84.07;1478161;124136122
ADTM;0.0001;0.0002;0.0001;0.0001;6416000;1023
ADTN;19.85;20.05;19.7;19.95;180762;3604886
ADVM;2.65;2.7;2.55;2.575;152640;400016
ADXS;7.84;7.95;7.59;7.78;479257;3699797
AEGN;22.78;22.98;22.57;22.89;90424;2060424
AEHR;3.84;4.25;3.836;4.11;282216;1157229
AEIS;66.68;67.06;65.49;66.66;290126;19280680
AERI;43.3;44.05;43.05;43.65;215427;9388520
AERN;0.0001;0.0001;0.0001;0.0001;300000;30
AEZS;2.95;3;2.9;2.9;120523;353447
AFAM;47.25;47.85;46.85;47.7;73630;3501282
AFFY;0.053;0.053;0.051;0.051;10500;546
AFLYY;7.48;7.532;7.48;7.53;1002;7538
AFSI;20.08;20.19;19.24;19.25;3872425;76265059
AGEN;3.46;3.4746;3.27;3.35;1246348;4185997
AGGFF;0.058;0.058;0.058;0.058;4000;232
AGII;66.2;66.25;65.5;66.15;39064;2576110
AGNC;20.17;20.17;19.99;20.09;2995635;60170521
AGTK;0.024;0.024;0.0225;0.02269;1991810;45858
AHPI;1.92;2.07;1.92;1.98;31196;62040
AIA;52.96;52.96;52.72;52.7775;37958;2004517
AINV;6.51;6.67;6.5;6.66;1552591;10248475
AIRM;42.95;43;42.9;42.9;2917634;125309416
AIRT;19.05;20.35;19.05;19.65;3893;76854
AKAM;59.07;59.7;58.39;58.73;1675718;98398365
AKAO;23.81;24.0882;23.17;23.43;490495;11558889
AKRX;24;25.57;24;25.22;2793068;70266499
AKZOY;28.15;28.19;27.99;28.045;29783;835932
ALAN;0.1211;0.1211;0.1211;0.1211;127;15
ALBY;1.86;1.86;1.851;1.851;3500;6501
ALCO;26.5;26.9;26.5;26.75;2952;78850
ALGN;114.77;115.36;114.18;115.19;437114;50272275
ALGT;157.85;159.85;156.2;157.6;83510;13172155
ALKS;57.82;57.84;56.61;57.54;341995;19594098
ALLT;4.75;4.76;4.7;4.74;29443;139362
ALNY;47.87;48.47;46.903;47.85;558396;26598503
ALOG;73.4;73.9;72.7;73.15;58501;4284085
ALOT;14.45;14.9;14.4;14.55;36658;535266
ALQA;0.504;0.5042;0.46;0.4754;464042;220283
ALRM;30.27;30.62;29.95;30.39;95962;2910144
ALSK;1.85;1.9199;1.85;1.89;596187;1113613
ALXN;116.3;116.7;114.16;115.49;2962669;340972877
AMAG;21.75;22.15;21.475;22.1;494322;10769838
AMAT;38.35;38.65;37.85;38.59;6761724;259460135
AMAVF;36.5;36.5;36.38;36.38;905;33020
AMBA;54.5;55.52;54.2;54.9;523091;28704623
AMBS;0.04991;0.05208;0.0413;0.04594;637032;31895
AMCN;2.92;3.03;2.86;2.98;121920;361680
AMD;13.42;13.46;12.83;13.28;131998161;1731939143
AMDA;0.3818;0.4087;0.3799;0.3838;504939;199982
AMED;50.76;51.39;50.46;51.35;109990;5604326
AMGN;162.2;163.45;161.61;162.25;2320106;377011999
AMKR;11.3;11.5;11.11;11.45;866203;9839419
AMLM;0.034;0.038;0.034;0.0364;18200;664
AMNB;36.6;36.8;36.6;36.75;3801;139645
AMOT;20.83;21.6;20.7175;21.47;19839;420305
AMPH;14.25;14.52;14.06;14.37;206760;2958199
AMRB;14.64;14.89;14.54;14.54;2788;41115
AMRI;13.39;13.59;13.22;13.53;769113;10355582
AMRN;3.1;3.17;3.07;3.15;874847;2727480
AMRS;0.457;0.483;0.44;0.4822;1583474;714774
AMSC;6.49;6.74;6.355;6.71;99386;652792
AMSWA;10.32;10.54;10.1;10.44;66563;694395
AMWD;87.1;88.45;86.95;87.9;51792;4548884
AMZN;913.8;917.1899;894.4927;898.28;4903937;4423280699
ANAT;115.5621;117.591;115.53;116.7;5253;611916
ANDE;37.4;37.8;37.3;37.7;61550;2315525
ANDR;0.048;0.048;0.048;0.048;2000;96
ANGO;16.8;16.94;16.61;16.89;151816;2548925
ANIK;43.52;43.65;42.8771;43.42;51883;2245232
ANIP;48.6;49.99;48.33;49.88;107167;5288422
ANSS;105.27;106.48;105.06;106.14;160225;17001472
ANTH;0.4067;0.4099;0.3824;0.3864;2242754;877708
AOBC;20.04;20.59;20.03;20.56;1244518;25425996
AOGN;0.02;0.02;0.02;0.02;233;5
AOIFF;1.68956;1.6959;1.66;1.66;15611;26053
AOILQ;0.0022;0.00227;0.0022;0.0022;800;2
APDN;1.65;1.65;1.605;1.65;10771;17626
APEI;21.75;22.55;21.6;22.55;42967;951204
APGA;0.04975;0.08;0.04975;0.08;32500;1748
APLL;0.09;0.09;0.09;0.09;200;18
APOG;57.64;57.99;57.18;57.76;87917;5075673
APPS;0.91;0.93;0.91;0.92;107067;97699
APRI;1.87;1.91;1.77;1.81;65329;118373
APTI;10.98;11.72;10.77;11.6;444418;5053500
APVS;0.012;0.012;0.012;0.012;6500;78
AQXP;15.7;15.85;15.13;15.25;76976;1184526
ARAY;4.7;4.75;4.6;4.75;891566;4162254
ARCC;17.53;17.7;17.47;17.64;1494489;26312115
ARCI;1.0127;1.0228;1.01;1.0228;1842;1864
ARCTF;0.8386;0.8749;0.8331;0.8749;53169;44748
ARCW;3.95;4.2;3.9;4.2;8489;34261
ARDM;1.4836;1.5467;1.4836;1.49;5061;7663
ARDX;12;12.2;11.5;12.05;177854;2126568
AREX;2.55;2.63;2.52;2.585;518224;1340840
ARGS;0.41;0.44;0.3444;0.43;808714;314763
ARIOQ;0.0001;0.0001;0.0001;0.0001;620000;62
ARKAY;99.05;99.625;98.92;99.625;740;73346
ARKR;25.4;25.4;25.08;25.2349;600;15142
ARLP;22.7;23.15;22.6;23.075;229799;5270094
ARLZ;1.76;1.78;1.48;1.56;3522693;5623152
ARNA;1.41;1.43;1.41;1.43;1120139;1590543
ARNGF;1.7585;1.7957;1.7585;1.7957;2200;3911
ARNH;0.0003;0.0003;0.0002;0.0002;20474909;4195
AROPQ;0.03005;0.035;0.03;0.03;85155;2584
AROW;33.15;33.87;33.15;33.7;12602;422634
ARQL;0.9333;1;0.9333;0.99;101036;98359
ARRS;25.78;26.35;25.6;26.28;983433;25728527
ARRY;8.48;8.57;8.24;8.49;3017423;25275686
ARTH;0.61;0.61;0.585;0.587;265637;156282
ARTNA;34;34;33.54;33.99;9079;307672
ARTW;3.35;3.3967;3.35;3.35;1597;5397
ARWR;1.67;1.71;1.6101;1.69;537431;901492
ASBN;14.25;14.25;14.2499;14.2499;1500;21375
ASFI;7.8;7.9;7.78;7.8;4810;37709
ASML;130.95;131.24;130.55;130.98;293570;38436958
ASNA;3.68;3.93;3.68;3.8;2893618;11056430
ASRV;3.7;3.8;3.7;3.75;3452;13050
ASTC;1.25;1.28;1.2103;1.23;9251;11370
ASTE;60.81;62.13;60.675;61.85;64512;3972545
ASTI;0.00205;0.0021;0.0016;0.0018;130916409;234042
ASUR;10.11;10.27;9.68;9.86;33413;330832
ASXSF;0.2903;0.2987;0.2903;0.2987;1290;383
ASYS;5.165;5.415;5.165;5.27;24839;130941
ATADF;0.32;0.3294;0.3183;0.3294;12500;4016
ATEC;2.15;2.21;2.13;2.19;67426;147320
ATHX;1.56;1.69;1.45;1.56;2703946;4197185
ATLRF;0.04;0.04;0.04;0.04;400;16
ATLS;0.195;0.2;0.181;0.19975;240395;45156
ATOS;0.7499;0.7499;0.7001;0.72;109435;78241
ATPL;0.0001;0.0001;0.0001;0.0001;1042;0
ATRI;463.7;463.7;459.5;460.35;2322;1070829
ATRO;31.04;31.555;30.51;31.35;66663;2074891
ATRS;2.98;3;2.911;2.97;1116034;3295809
ATSG;15.91;16.08;15.87;16.07;159207;2547722
ATTBF;0.157;0.187;0.153;0.187;3727456;647377
ATTU;7.7;7.84;7.65;7.84;28294;218474
ATUSF;9.3404;9.4406;9.3404;9.44;8565;80590
ATVI;49.19;49.39;48.95;49.36;3109372;153021580
AUBN;33.25;33.25;33.25;33.25;700;23275
AUDC;6.88;6.98;6.85;6.94;42370;292882
AUNFF;0.2675;0.2809;0.2593;0.2809;28679;7853
AUPH;6.75;6.81;6.4248;6.59;5731975;37698247
AVAV;27.28;27.73;26.925;27.73;106583;2913978
AVDL;9.74;10.08;9.61;9.77;75569;748464
AVEO;0.59;0.62;0.57;0.58;468367;273436
AVEW;0.0041;0.0064;0.0038;0.0051;9726614;53575
AVGO;216.7;218.465;215.59;217.48;1201149;260843801
AVHI;15.8;16.25;15.7;16.05;24726;395604
AVLNF;0.1122;0.1199;0.1122;0.1199;3000;352
AVMXY;1.51;1.58;1.51;1.58;1600;2423
AVXL;5.7;5.75;5.55;5.66;264862;1488841
AWCMY;5.392;5.41;5.38;5.39;4616;24870
AWGI;0.0001;0.0002;0.0001;0.0002;13843333;1660
AWNE;0.0014;0.0014;0.0014;0.0014;300;0
AWRE;4.65;4.7;4.6;4.7;15354;71690
AXDDF;0.89;0.959;0.8874;0.906;45208;41069
AXTI;5.65;5.8;5.55;5.75;311296;1780555
AZPN;57.75;57.79;57.29;57.75;460183;26482906
BABY;38.3;38.6;37.75;38.3;172055;6572275
BALMF;0.59;0.593;0.57;0.5868;31170;18272
BANF;88.2;89.5;87.65;89;14904;1324852
BANR;53.96;54.875;53.67;54.52;98271;5338750
BARZ;0.046;0.047;0.045;0.047;46286;2122
BASFY;99.46;99.69;99.17;99.48;32123;3197325
BASI;1.2;1.23;1.11;1.18;106713;124094
BAYRY;114.76;114.88;114.3;114.43;27649;3166808
BBBY;39.25;40.76;38.76;39.08;11550304;456667821
BBDA;0.00015;0.00015;0.00015;0.00015;2000;0
BBEPQ;0.061;0.065;0.058;0.058;2715235;163552
BBGI;12;13;11.85;12.05;27817;345971
BBOX;8.45;8.65;8.35;8.6;44622;379697
BBRY;7.94;8;7.87;7.92;6151226;48868027
BBSI;53.82;54.87;53.34;54.83;26177;1421755
BBXT;6.2;6.27;6.12;6.2;77708;481781
BCEKF;1.65;1.65;1.609;1.6238;13200;21462
BCOR;17.4;17.6;17.2;17.35;370061;6427454
BCOV;8.5;8.5;8.2;8.25;177212;1472731
BCPC;78.33;79.42;77.75;78.77;60036;4714897
BCRX;7.58;7.6031;7.31;7.41;935571;6924199
BDE;5.2;5.5;5.2;5.4;62136;336712
BDRAF;1.6;1.6567;1.6;1.6567;1950;3175
BDSI;1.75;1.8;1.7;1.8;298398;530561
BEAT;27.1;27.55;26.45;27.4;305174;8240031
BEAV;64.65;65.14;64.65;65.08;546771;35548624
BEBE;3.81;3.99;3.761;3.98;14180;55333
BELFA;20.24;20.36;20.24;20.35;2200;44760
BELFB;22.15;22.6;21.95;22.55;16870;377626
BEVFF;1.933;1.933;1.933;1.933;3000;5799
BGCP;10.97;11.11;10.92;11.05;997898;11022384
BGFV;14.9;15.6;14.84;15.6;621309;9558095
BGMD;0.07;0.08;0.07;0.07;9633;694
BIB;46.73;46.85;45.9701;46.66;185447;8618102
BIDU;173.8;174.73;173.04;173.38;1533145;266466568
BIEL;0.0008;0.0008;0.0007;0.0008;29967330;23045
BIGG;0.00135;0.0014;0.00135;0.0014;20500;29
BIIB;270.14;272.6;269.34;270.94;1263656;342500653
BIOC;2.01;2.0307;1.91;1.96;776213;1512645
BIOL;1.28;1.3377;1.28;1.31;21357;28170
BIOP;4.01;4.15;3.85;4.14;18079;71503
BIOS;1.44;1.51;1.4;1.5;1303421;1908407
BIPH;0.001;0.001;0.001;0.001;19000;19
BIS;28.76;29.176;28.64;28.73;53557;1545895
BITCF;0.2399;0.269;0.235;0.2645;1174663;299929
BIVV;54.27;55.83;53.65;55.4;956461;52758228
BJRI;39.75;40.5;39.75;40.4;164181;6607586
BKEAY;4.01;4.01;4.01;4.01;100;401
BKEP;6.75;6.793;6.675;6.75;18270;123312
BKYI;2.29;2.4;2.21;2.4;638;1482
BLCM;12.03;12.2307;11.835;12.12;346928;4172626
BLDP;2.45;2.63;2.42;2.6;4360996;11142473
BLDR;14.86;15.105;14.81;15.08;853495;12823905
BLIAQ;0.0045;0.0045;0.0045;0.0045;2000;9
BLIN;0.76;0.7902;0.76;0.77;17318;13437
BLKB;77.13;77.72;76.1;77.51;114758;8863632
BLMT;28.15;28.5;27.8668;28.2;7780;219584
BLNKF;0.51;0.51;0.51;0.51;600;306
BLRX;0.89;0.91;0.8601;0.875;517540;456438
BLUE;84.55;85.85;83.3;84.9;441587;37346192
BMBM;0.0082;0.01;0.0077;0.01;532944;5259
BMNM;2.68;2.68;2.68;2.68;897;2404
BMRN;85.45;86.96;85.45;86.89;928530;80235412
BMTC;38.85;39.35;38.7;39.2;28587;1116393
BNCC;26.15;26.15;25.6;26;3823;99357
BNSO;2.39;2.4972;2.3;2.49;28516;67617
BOBE;62.79;63.61;62.48;63.55;155292;9832733
BOFI;24.26;24.79;24.06;24.46;984701;24044790
BOJA;20.55;20.75;20.45;20.7;141092;2909011
BOKF;75.45;76.81;74.93;76.28;91008;6927402
BONT;0.632;0.6962;0.63;0.63;150278;98541
BONZ;0.0026;0.0028;0.0022;0.0025;2119069;5239
BOOM;11.7;11.925;11.6;11.8;23820;279569
BOSC;2.07;2.07;1.98;1.99;8410;16839
BPFH;15.9;16.15;15.7;16.05;168013;2687288
BPOP;40.03;40.68;39.61;40.28;276241;11121742
BPTH;0.76;0.81;0.7157;0.7298;170201;126849
BRCD;12.48;12.5;12.465;12.495;1679469;20971921
BREW;13.15;13.3;13;13.1;112601;1478481
BRKR;22.7;22.8;22.49;22.745;284590;6455680
BRKS;21.14;21.81;20.84;21.69;550884;11758288
BRSE;0.0004;0.0004;0.0002;0.0002;134079992;35487
BSET;26.4;27.15;26.3;27.05;23338;628004
BSPM;2.2219;2.38;2.22;2.35;109256;253399
BSQR;5.239;5.25;5.2;5.25;3693;19314
BSRAF;0.0016;0.0016;0.0015;0.0015;80500;123
BSTC;54.2548;54.545;50.97;51.9;23956;1258978
BUSE;28.46;28.83;28.28;28.64;50962;1458278
BV;4.35;4.35;4.125;4.25;903913;3828207
BVSN;4.8;4.8;4.4498;4.6;9846;45206
BWINB;24;24.125;23.9;24.1;47654;1145491
BWLD;153.3;155;151.75;153.45;257726;39607263
BYDDF;5.851;5.86;5.81;5.82;110715;644901
BYDDY;11.87;11.87;11.59;11.63;11569;134731
BYFC;1.79;1.79;1.77;1.79;1100;1965
BYSD;0.0001;0.0001;0.0001;0.0001;17480000;1748
CA;31.66;31.89;31.575;31.8;1683670;53492402
CAAS;4.978;5;4.77;4.99;34610;169810
CACB;7.53;7.67;7.5;7.65;76415;581611
CACC;184.58;190.5;182.5;188.9;242871;45485793
CAKE;63.61;64.31;63.375;63.94;517578;33111090
CALA;11.05;11.45;10.95;11.3;347397;3891486
CALD;19.6;19.75;19.3;19.75;390292;7637840
CALI;3.67;3.87;3.04;3.19;1822142;6103775
CALL;8.4;8.4;8.25;8.35;100804;839284
CALM;36.7;37.95;36.65;37.7;395304;14862524
CALVF;1.42;1.42;1.39;1.39;10223;14278
CAMP;16.41;16.41;16.18;16.32;219152;3574838
CAMT;3.82;3.85;3.7101;3.73;47149;177503
CAR;27.13;27.71;26.51;27.66;2560114;69784469
CARA;18.12;18.7;17.95;18.65;3541820;64983805
CARB;19.75;19.8;19.35;19.7;275217;5390313
CARE;16.6;16.699;16.6;16.66;25387;422199
CASH;85.3;87.7;84.9;86.75;35410;3062893
CASI;1.3186;1.34;0.982;1.135;313022;359411
CASS;63.18;64.65;62.945;64.38;11555;739713
CASY;110;112.29;109.755;112.06;466050;52085387
CATM;45.1;45.25;44.46;44.54;271058;12106201
CATS;1.77;1.86;1.72;1.83;69251;125297
CATY;36.42;36.91;36.09;36.89;581175;21346398
CBAK;1.4;1.65;1.3;1.65;238365;358355
CBAN;13.65;13.6758;13.65;13.65;2408;32874
CBF;42.55;42.95;42.35;42.85;143626;6138765
CBGDF;0.71;0.7263;0.71;0.711;43030;30624
CBIS;0.08055;0.081;0.0753;0.0772;15187911;1177756
CBLI;1.54;1.58;1.52;1.58;2600;4004
CBLRF;0.001;0.0013;0.001;0.0013;185400;186
CBRL;158.08;159.25;157.54;158.97;123744;19621789
CBSH;54.89;55.79;54.59;55.51;209805;11607792
CCBG;19.595;20.58;19.59;20.09;12773;256913
CCCL;2.07;2.23;2.03;2.1;72790;152629
CCEL;4.65;4.74;4.63;4.74;2449;11478
CCFH;1.7;1.7;1.7;1.7;202;343
CCGY;0.025;0.025;0.025;0.025;365;9
CCHGY;26.09;26.11;26.09;26.1;1910;49861
CCIH;1.5;1.56;1.5;1.5;60725;91893
CCNE;23.63;24.11;23.34;24.04;27835;663674
CCRN;13.83;13.94;13.67;13.88;88622;1225790
CCUR;4.6674;4.79;4.65;4.76;18500;87308
CDK;63.6;63.93;63.2;63.87;1272122;80893167
CDNA;1.3337;1.35;1.25;1.35;13255;17253
CDRL;0.0022;0.0022;0.0022;0.0022;250;1
CDTI;2.44;2.54;2.41;2.49;21513;53597
CDXC;2.5;2.6;2.5;2.58;106893;272050
CDXS;4.6;4.7;4.5;4.55;65641;300078
CDYCF;0.1035;0.1035;0.1035;0.1035;7500;776
CECE;10.36;10.51;10.32;10.49;89194;929234
CECO;8.85;9.12;8.77;9.11;259969;2343125
CELG;124.1;124.74;123.65;124.3;2167774;269367249
CEMI;5.3;5.3;5.2875;5.3;14112;74755
CEMP;3.85;3.85;3.7;3.85;461199;1760134
CENT;35.48;36.57;35.48;36.25;41559;1502611
CENX;12.59;12.86;12.28;12.73;1596149;20222278
CERN;59.08;59.51;58.86;59.49;1662292;98695589
CERPQ;0.00292;0.00292;0.00292;0.00292;1000;3
CERS;4.1;4.27;4.03;4.27;1188574;4925190
CETC;2.18;2.3;2.04;2.3;39005;83376
CETV;2.95;3;2.9;2.95;115526;342247
CEVA;34.4;34.55;33.885;34.55;87054;2981195
CFBK;2.21;2.24;2.16;2.2004;53345;117547
CFFI;45.5;47.5;45.5;47.5;5756;268657
CFFN;14.47;14.54;14.35;14.5;471631;6824492
CFNB;15.81;15.95;15.8;15.95;2314;36709
CFNL;28.8;29.15;28.61;29;56079;1620470
CFRX;1.85;1.95;1.75;1.9;36525;66696
CFTN;0.11;0.12;0.105;0.12;49500;5626
CG;15.6;16;15.6;15.8;376228;5950283
CGEN;4.1;4.15;4.05;4.1;176866;723574
CGNT;1.7098;1.73;1.7;1.7;33457;57259
CGNX;83.38;85.52;82.77;85.13;536189;45424486
CGUD;0.0005;0.0005;0.0005;0.0005;50000;25
CHCO;62.9;63.57;62.606;63.49;30078;1901512
CHDN;155.2;156.7;154.6;156.6;18808;2936303
CHFC;48.65;49.45;48.36;49.23;113745;5574788
CHKE;7.6;7.9;7.6;7.85;8824;68216
CHKP;102.93;103.16;102.28;102.6;522639;53684223
CHMA;1.65;1.65;1.6;1.6;30240;48924
CHME;0.13;0.13;0.1099;0.11;22400;2564
CHNGQ;0.0399;0.0399;0.0399;0.0399;10000;399
CHNR;2.29;2.33;2.18;2.18;13408;30681
CHRS;19.55;19.8;19.15;19.4;283553;5520231
CHRW;76.58;77.46;75.96;76.28;1056931;80635869
CHRYY;14.835;14.835;14.77;14.77;841;12467
CHTR;331.75;336.96;330.55;336.8;1246315;418430260
CINF;70.78;71.196;70.34;70.86;391932;27767223
CJJD;1.75;1.78;1.75;1.7701;10202;17869
CKHUY;12.18;12.41;12.18;12.29;197373;2428532
CLCT;26.05;28.83;26.05;28.69;61164;1683066
CLDX;3.3;3.35;3.23;3.295;1585146;5186555
CLFD;15;15.6;14.8;15.5;77256;1183068
CLIR;3.6;3.75;3.6;3.7;27211;100834
CLLS;23.7;23.92;23.42;23.67;74429;1760215
CLMT;3.75;3.75;3.65;3.75;179405;663981
CLNE;2.54;2.58;2.5;2.54;771831;1953794
CLNT;2.95;6.99;2.8239;6.72;3870777;20927501
CLRO;10.15;10.15;9.9;9.9;5525;55429
CLSN;0.2899;0.2899;0.261;0.2796;1776272;486785
CLVS;60.12;60.32;55.52;56.83;2369592;136134009
CLWY;4.05;4.05;4.05;4.05;500;2025
CMCO;25.2;26.16;25.2;26.1;93420;2419798
CMCSA;37.28;38.355;37.272;38.13;21576156;821226952
CME;117.67;118.44;117.07;117.81;724643;85356860
CMFN;10.15;10.3;10.15;10.25;32371;331397
CMGHF;0.0225;0.0225;0.0225;0.0225;20000;450
CMLS;0.29;0.325;0.28;0.32;309888;94658
CMRX;6.06;6.115;5.66;5.84;593339;3448461
CMTL;13.67;13.78;13.43;13.65;295378;4020321
CNBKA;61.5;61.5;60.9;60.9;1079;65796
CNCT;0.0039;0.006;0.0038;0.006;370896;1716
CNET;1.13;1.2601;1.1;1.1974;85871;103390
CNMD;43.74;44.41;43.045;44.39;73310;3230608
CNNA;0.0005;0.0005;0.0005;0.0005;206100;103
CNRD;19;19.05;18.85;19.05;1900;36075
CNTE;70;71.75;70;71.75;3000;212825
CNTF;2;2.2;2;2.16;71187;151567
CNTY;7.61;7.7;7.53;7.6;36282;276470
CNXN;29.215;29.38;29;29.24;45669;1334632
CNXS;0.0016;0.0018;0.0014;0.0018;10620950;18799
COBI;0.0002;0.0002;0.0002;0.0002;5273768;1055
COBZ;16.2;16.46;16.06;16.42;38816;634647
COHR;197.2;200.66;195.03;199.25;147883;29267485
COHU;18.01;18.18;17.67;18.1;134695;2427930
COKE;199.8;199.8;198.1;198.67;13655;2713672
COLB;37.41;38.04;37.09;37.89;191131;7209184
COLL;9.69;10.14;9.5;10.12;414274;4070762
COLM;57.4;58.34;57.4;58.01;124342;7200147
CONN;11.45;11.95;11.35;11.75;999107;11694848
COOL;13.31;15.77;13.31;14.44;306297;4440086
CORI;4.26;4.49;4.26;4.37;101505;441666
CORT;10.56;10.75;10.36;10.59;935030;9866967
CORVF;0.625;0.66;0.625;0.66;3800;2427
COST;169.68;172.11;169.3064;170.02;2777083;473753733
COVS;1.925;1.95;1.9;1.9;48524;93343
COWN;13.7;14.2;13.5;14.125;374634;5246662
CPHC;10.3;10.6;10.275;10.4;3075;31888
CPLP;3.5;3.54;3.45;3.5;496931;1735071
CPRT;59.87;60.39;59.19;60.01;423740;25434367
CPRX;1.73;1.8;1.65;1.78;899867;1549089
CPSI;27.65;28.3;27.4;28.15;38367;1071772
CPSS;4.37;4.77;4.34;4.72;89966;416014
CPST;0.78;0.8;0.76;0.8;406236;317302
CRAI;34.81;35.33;34.54;35.1;24986;871472
CRAY;19.5;19.55;19.1;19.3;185141;3573816
CRCUF;0.0734;0.0734;0.0734;0.0734;85000;6239
CRDS;2.92;3.01;2.88;2.93;2380;6976
CREE;24.19;24.76;24.05;24.66;936924;22991547
CREG;1.49;1.55;1.45;1.55;31467;46373
CRESY;21.16;21.27;20.7;20.77;63103;1322461
CRIS;2.55;2.61;2.5;2.55;504881;1283372
CRME;2.96;3.02;2.96;3;72507;217034
CRMT;35.45;36.1;35;36.1;59116;2106708
CRNT;3.23;3.24;3.16;3.17;211085;675235
CROX;6.58;6.69;6.5;6.545;1032040;6788546
CRTO;51.24;51.74;50.57;51.03;383211;19571251
CRUS;62.9;63.65;61.88;63.63;806205;50862924
CRVL;41.35;41.85;40.7;41.5;26397;1094072
CRWG;0.0075;0.00815;0.0075;0.0075;9500;71
CRWS;7.75;8;7.75;7.8;7092;55134
CRZO;28.25;28.815;28.055;28.52;1050030;29890599
CSCO;33;33.28;32.89;33.08;13877081;459100536
CSGP;206.02;206.995;205.05;206.43;110805;22802862
CSGS;36.58;36.77;35.92;36.43;139964;5076489
CSIQ;12.21;12.73;12.16;12.67;890233;11204399
CSPI;10.3;10.37;10.14;10.265;4220;43149
CSTR;19.1417;19.5;19.02;19.39;17520;337948
CSWC;16.89;16.89;16.351;16.61;15029;249232
CTAS;123.66;123.83;122.84;123.21;340883;42028393
CTBI;43.85;45;43.7;44.95;33629;1500063
CTHR;0.9402;0.9488;0.94;0.9488;2860;2691
CTIB;5.56;5.56;5.56;5.56;100;556
CTIC;4.08;4.24;4.08;4.2;76164;317085
CTIX;0.95;1.01;0.931;0.945;355174;343378
CTRL;14.88;15.36;14.79;15.36;282397;4279052
CTRN;16.1;16.92;16.02;16.89;33472;559500
CTRP;49.02;49.28;48.86;49.13;1544471;75746854
CTRV;1.62;1.6299;1.5;1.56;677225;1049303
CTSH;58.06;58.42;57.72;58.14;2582006;150160531
CTSO;4.5;4.6;4.4;4.5;96605;430473
CTWS;53.87;54.55;53.45;54.16;19157;1036251
CTXS;83.1;83.34;82.51;83.06;815040;67660080
CUBA;6.9;6.98;6.9;6.91;25665;177708
CUTR;19.15;19.4;18.7774;19.3;75651;1448746
CVBF;20.98;21.305;20.83;21.21;258023;5454196
CVGI;6.55;6.91;6.5198;6.89;140409;948193
CVGW;61.95;62.95;61.55;62.9;188546;11758503
CVLY;25.91;26;25.7;25.85;15578;402704
CVTI;17.92;18.08;17.65;17.93;32548;581780
CVV;10.17;10.37;9.8844;10.23;18718;189498
CVVUF;0.3361;0.3361;0.3341;0.3341;8600;2873
CWBC;10;10;10;10;600;6000
CWCO;11.5;11.55;11.2;11.5;44829;510051
CWGL;9.99;9.99;9.75;9.9;2689;26707
CWNR;0.001;0.0029;0.001;0.0029;14000;37
CWST;14.03;14.185;13.9;14.15;457051;6422450
CXSNF;1.11;1.11;1.11;1.11;300;333
CY;13.32;13.32;13.07;13.18;8742178;115311934
CYBE;24.5;25.2;24.05;25;115127;2835491
CYBL;0.0001;0.0001;0.0001;0.0001;3030500;303
CYBR;51.51;51.78;51.17;51.69;380696;19613873
CYCA;0.0376;0.0488;0.0375;0.0488;36198;1585
CYCC;6.4;7.25;5.7189;6.2;2571922;16865619
CYRN;2.1;2.1;2;2.05;89377;182738
CYTK;11.2;11.45;11;11.45;214617;2420224
CYTR;0.433;0.4537;0.42;0.4394;782412;337404
CYTX;1.45;1.49;1.41;1.44;96155;137070
CZICF;0.16;0.16;0.159;0.159;21840;3488
CZR;9.3;9.64;9.2;9.55;563168;5356604
DAIO;4.78;5;4.78;4.99;15798;78300
DAKT;9.02;9.18;9;9.18;65209;592703
DANOY;13.68;13.68;13.54;13.614;219805;2992650
DASTY;87.28;87.39;87.04;87.25;14665;1279244
DAVE;3.75;4.095;3.75;3.95;21701;84531
DCIX;1.04;1.04;0.87;0.9;1283586;1180164
DCOM;20.05;20.35;19.95;20.3;109759;2218010
DCTH;0.0788;0.0788;0.073;0.0751;7963154;599858
DDAIF;71.2;71.53;71.06;71.1;34672;2471647
DDDX;0.027;0.034;0.027;0.027;11900;327
DDEJF;2.5988;2.6199;2.581;2.5978;32500;84336
DECN;0.087;0.0925;0.08;0.0925;245983;20848
DEPO;11.92;12.23;11.83;11.99;828721;9965929
DEST;4.05;4.18;4.04;4.04;8499;34737
DEWM;0.0021;0.0021;0.0019;0.0019;1268650;2536
DGAS;30.33;30.48;30.33;30.45;3873;117829
DGICA;17.2592;17.39;16.92;16.98;21350;366547
DGICB;15.6849;15.6849;15.6849;15.6849;0;0
DGII;11.65;11.95;11.55;11.7;49835;583512
DGLD;49.76;50.1;49.6;49.82;26981;1344503
DGLY;4.1;4.2499;3.95;4;102858;414775
DHIL;192.62;192.9;190;191.05;2306;441469
DIAAF;0.0001;0.0001;0.0001;0.0001;2500000;250
DIGX;0.0003;0.0004;0.0003;0.0004;35211897;10985
DIIBF;23.8214;23.8214;23.8214;23.8214;100;2382
DISH;62.77;63.67;62.6;63.15;1444238;91297534
DJCO;208;211.14;205.51;207.05;1548;321582
DKGR;0.012;0.01275;0.009;0.009;45000;500
DLTR;77.06;79.07;77.02;78.05;3008085;235482834
DMLP;17.25;17.55;17.15;17.5;28628;497118
DMRC;26.9;27.3;26.5;27.1;45045;1211768
DNAG;0.0001;0.0002;0.0001;0.0001;1651500;230
DNKN;52.43;53.4;52.235;53.14;1111348;58947353
DORM;78.31;79.03;77.53;77.9;120983;9434156
DPDW;1.17;1.17;1.15;1.15;4817;5614
DPSM;0.0039;0.0039;0.0039;0.0039;3335;13
DRAM;1.14;1.1591;1.12;1.13;107060;121146
DRGV;0.0001;0.0001;0.0001;0.0001;5500000;550
DRLDF;1.0464;1.05;1.0224;1.05;16086;16641
DRRX;0.9437;0.9799;0.93;0.9477;283526;268667
DRYS;1.04;1.05;0.9123;1.03;36576704;35173003
DSGX;22.95;23;22.7;22.75;57083;1302173
DSLV;21.03;21.07;20.69;20.81;106979;2231202
DSPG;12;12.05;11.85;11.95;50821;607800
DSWL;1.9611;1.98;1.95;1.979;4629;9105
DTRC;0.05;0.0589;0.05;0.0547;33984;1716
DTRM;3.12;3.24;3.12;3.18;14137;45040
DTRX;23.75;23.75;23.75;23.75;600;14250
DUSA;20.27;20.36;20.27;20.3599;5379;109336
DVAX;5.15;5.4;5;5.35;1617011;8361580
DWCH;7.35;7.4;7.15;7.15;43797;318229
DWOG;0.022;0.022;0.022;0.022;500;11
DWSN;5.21;5.6099;5.2;5.49;63999;349685
DWTIF;51.27;51.6;51;51.28;8863;453739
DXCM;80.3;80.45;78.6;80.25;566701;45255575
DXLG;2.65;2.7;2.6;2.65;129543;343033
DXPE;36.98;38.09;36.101;37.36;106039;3979704
DXYN;3.4;3.55;3.35;3.45;41250;143244
DYNT;2.8001;3;2.8001;2.9404;24564;71250
DYSL;1.27;1.3173;1.27;1.28;12510;16057
DZSI;6.28;6.3;6.21;6.25;4622;28791
EA;88.47;88.77;87.94;88.56;1051410;93016595
EADSF;76.6;77.05;76.6;76.866;814;62573
EARS;0.87;0.87;0.8;0.81;334921;276974
EBAY;34.01;34.32;33.84;34.16;8333928;283988712
EBIO;2;2.0324;1.915;1.94;575468;1132145
EBIX;59.65;60.45;59.45;60.2;56000;3363297
ECOL;45.3;46.35;44.95;46.15;62069;2849412
ECPG;30.3;31.05;29.855;31.05;123360;3795963
ECTE;0.15;0.15;0.14;0.14;3020;428
ECYT;2.4;2.48;2.36;2.39;201167;485084
EDAP;2.52;2.6637;2.51;2.53;73561;185882
EDGW;7.1;7.1;7.03;7.05;1300;9175
EDIG;0.0361;0.039;0.035;0.038;385811;14928
EDIT;20.52;21.26;20.32;21.19;393539;8203846
EDUC;7.2;7.5;7.2;7.45;6393;47161
EDVMF;19.1407;19.1407;18.84;18.989;2100;39651
EEFT;84.67;85.3255;84.45;84.7;176399;14971323
EFII;47.79;48.55;47.23;48.53;562200;26984711
EFIR;0.0001;0.0001;0.0001;0.0001;6999995;700
EFLN;0.00095;0.0043;0.00095;0.0034;369050332;1046917
EGBN;58.4;58.7;57.6;58.65;55983;3270056
EGHT;14.75;15.3;14.675;15.2;369918;5564198
EGLE;5.23;5.6;5.21;5.58;311193;1709770
EGLT;4.42;4.59;4.33;4.58;191030;857420
EGOV;20;20.15;19.65;20.1;316059;6317273
EGPLF;0.14;0.145;0.14;0.145;22200;3208
EGRAF;0.51;0.5505;0.51;0.5505;4978;2575
EHTH;11.56;11.86;11.53;11.77;121238;1418809
ELCR;0.0001;0.0001;0.0001;0.0001;200000;20
ELGX;6.75;6.78;6.49;6.77;1052572;6982709
ELON;6.05;6.27;6.0173;6.25;41936;258036
ELOS;11.2;11.2;11.15;11.2;867245;9685846
ELTK;0.65;0.65;0.64;0.64;6300;4093
ELTP;0.143;0.143;0.139;0.143;724079;102456
EMCI;27.43;27.43;27.1;27.36;7445;203283
EMIS;0.45;0.48;0.45;0.4625;11627;5333
EMITF;3.46;3.59;3.41;3.44;2707;9318
EMKR;8.4;8.6;8.2665;8.55;228937;1943390
EMLL;0.0001;0.0001;0.0001;0.0001;300000;30
EMMS;2.35;2.354;2.306;2.33;81564;189890
ENGIY;14.2575;14.35;14.25;14.325;104743;1498788
ENPH;1.3;1.37;1.27;1.35;338491;443070
ENTA;29.8;30.03;29.05;29.75;135354;3982898
ENTB;0.038;0.038;0.038;0.038;13110;498
ENTI;0.0001;0.0001;0.0001;0.0001;100000;10
ENZN;0.2606;0.2606;0.25;0.25;18764;4796
EONGY;7.845;7.89;7.83;7.88;129759;1021924
EOXLQ;0.13;0.15;0.13;0.1305;61564;8698
EPAY;22.48;22.57;22.13;22.36;327924;7328144
EPGL;0.0199;0.02;0.0181;0.0197;211006;4132
EPOR;0.03;0.03;0.03;0.03;5000;150
EPRSQ;0.017;0.02;0.013;0.0161;201288;3357
EPZM;15.5;15.5;14.4;14.8;503725;7466869
EQIX;399.42;402.9899;398.52;402.18;212150;85158536
ERBB;0.00165;0.0017;0.00148;0.00155;75685322;116048
ERIC;6.44;6.495;6.43;6.45;4192950;27059528
ERIE;121.71;121.71;120.32;120.69;13010;1572443
ERII;8.08;8.25;8.03;8.11;362163;2936966
ESALY;52.34;52.34;52.27;52.3;2641;138153
ESBK;21.6;21.75;21.45;21.5;1000;21575
ESCA;12.8;12.95;12.395;12.95;3932;50472
ESEA;1.34;1.3876;1.32;1.35;110304;147046
ESGR;188;188.65;186.3;187.5;11228;2104030
ESIO;6.47;6.5;6.28;6.4;43618;279520
ESLT;117.18;117.48;115.87;116.49;28405;3312609
ESMC;0.095;0.095;0.095;0.095;1500;142
ESPR;35.51;36.67;34.9001;35.88;911235;32602195
ESRX;65.74;66.08;65.245;65.79;4322946;284088136
ESSI;3.165;3.165;3.07;3.102;141212;438919
ETFC;34.16;34.69;33.87;34.58;1461836;50375118
ETSY;10.61;10.71;10.5;10.61;850723;8994733
EUFN;20.04;20.14;19.99;20.1;883026;17741587
EVBS;10.4501;10.69;10.4501;10.69;16901;178639
EVEP;1.59;1.62;1.55;1.59;100701;159316
EVLV;1.26;1.26;1.155;1.2;147907;175457
EVOL;4.6;4.85;4.55;4.75;11934;55366
EVRN;0.0001;0.0001;0.0001;0.0001;600000;60
EVTCY;21.13;21.13;21.13;21.13;200;4226
EWBC;50.77;51.8;50.21;51.51;626281;32046631
EWPMF;0.11805;0.11805;0.11805;0.11805;1000;118
EWSI;0.0002;0.0002;0.0002;0.0002;6800;1
EWZS;13.59;13.723;13.42;13.46;17821;241725
EXAC;25.6;25.695;25.1;25.55;22974;584192
EXAS;22.53;22.76;22.1762;22.47;1463090;32761153
EXEL;20.5;20.6356;19.63;20.38;3104199;63024428
EXFO;4.7;4.8;4.6;4.65;215867;1008182
EXMT;0.001;0.001;0.0008;0.0008;1041617;854
EXPD;56.3;56.65;56.06;56.47;582885;32818271
EXPE;125.64;125.73;124.33;125.67;1668323;208515447
EXPO;57.5;58.35;57.2;58.25;33738;1954642
EXTR;6.95;7.09;6.91;7.08;1367880;9623664
EZPW;7.8;7.95;7.65;7.85;363652;2835060
FAB;51.09;51.35;51.05;51.35;15179;776513
FALC;0.3445;0.346;0.3201;0.3457;66123;21518
FANG;103.82;105.13;103.45;104.67;967009;101103629
FANH;8.7;9.07;8.64;8.91;142726;1270474
FARM;35.9;36.5;35.55;36.4;84056;3037935
FARO;33;33.8;32.8;33.75;51305;1710183
FAST;51.72;51.75;50.84;50.95;2539149;129996481
FB;142.11;142.22;140.91;141.17;12676937;1792654707
FBAYF;0.4202;0.4202;0.42;0.42;213;89
FBNC;28.67;28.99;28.5;28.83;35271;1015106
FCCG;0.05;0.08;0.05;0.08;21500;1575
FCCY;18.35;18.45;18.15;18.45;1279;23541
FCEL;1.5;1.55;1.5;1.5;1001793;1524332
FCNCA;326.25;331.28;325;330.51;9310;3062095
FCSMF;0.07;0.07614;0.0676;0.072;359150;25853
FCUUF;0.60705;0.6135;0.60199;0.605;159539;97291
FDEF;50.7186;50.7186;48.78;50.29;11501;576186
FELE;41.15;42.15;41;41.9;77034;3218970
FEP;31.81;31.9699;31.81;31.87;73881;2354826
FEYE;12.31;12.38;12.15;12.36;3118544;38393064
FFBC;26.3;27.125;26.2;27;234721;6304739
FFFC;0.0001;0.0001;0.0001;0.0001;3800000;380
FFHL;3.78;3.84;3.2;3.771;31792;111833
FFIC;25.86;26.3;25.76;26.12;19037;495089
FFIN;38.25;39.15;37.95;38.75;130460;5038663
FFIV;138.3;139.15;137.19;138.3;441845;61070737
FFKT;39.05;39.45;38.7437;39.25;14052;549819
FINL;14.15;14.72;14.02;14.49;1143992;16567816
FISI;31.475;32.3079;31.3;32.1;20317;648289
FISV;115.3;115.99;115.15;115.66;396086;45803843
FITB;24.93;25.36;24.69;25.18;3462494;86974374
FITX;0.003;0.003;0.001;0.001;2418782;4161
FIVE;42.74;44.24;42.37;44.19;1111861;48946926
FIVN;17.05;17.39;16.65;17.38;313279;5386531
FLAG;38.2573;38.77;38.2573;38.7403;600;23080
FLCR;0.0034;0.0034;0.0034;0.0034;165000;561
FLEX;16.45;16.48;16.255;16.45;1676722;27473881
FLIC;26.2;26.3;25.65;26.2;79843;2080385
FLIR;35.25;35.805;34.9;35.73;695025;24738714
FLL;2.48;2.48;2.3844;2.44;8450;20516
FLWS;10.05;10.15;9.995;10.05;37305;375168
FLXN;26.27;27.19;25.75;27.09;374443;9950934
FLXP;0.02;0.02;0.02;0.02;10000;200
FLXS;49.66;51.59;49.4;51.48;20805;1050750
FLXT;0.064;0.066;0.0611;0.0611;123144;7724
FMBI;22.89;23.19;22.62;23.08;588266;13546056
FMCC;2.335;2.45;2.28;2.4;1918734;4579457
FMCKJ;5.4;5.55;5.32;5.45;198577;1069545
FMI;30.55;30.745;29.9;30.55;211416;6435549
FMNJ;0.0007;0.0007;0.0007;0.0007;10000;7
FNBC;3.5;3.7;3.45;3.7;265891;966488
FNCX;0.52;0.52;0.4101;0.45;211416;93478
FNFI;10;10;10;10;201;2010
FNHC;16.11;16.35;16.01;16.24;45329;734885
FNJN;1.78;1.8;1.77;1.8;68190;122298
FNLC;26.26;26.9;25.64;26.34;67836;1789024
FNMA;2.445;2.54;2.37;2.5;3366924;8377347
FNMAT;5.82;5.83;5.64;5.64;17400;99117
FNRC;0.0004;0.0004;0.00028;0.0003;76234215;23069
FNSR;25.16;25.57;24.92;25.14;3144832;79372560
FOLD;7.01;7.03;6.71;6.85;2837497;19417441
FOLGF;0.3333;0.3357;0.3161;0.3304;152451;49911
FONR;17.8;17.8502;17.55;17.6;25901;459581
FORC;0.0001;0.0002;0.0001;0.0002;3235000;334
FORD;1.16;1.23;1.1512;1.1799;9113;10686
FORM;11.15;11.35;11;11.35;333349;3740211
FORR;39.25;39.45;38.35;39.25;33668;1314925
FORTY;39.73;39.73;39.73;39.73;120;4768
FOSL;16.37;16.96;16.23;16.54;768203;12783720
FOX;30.81;30.81;30.085;30.55;2791459;85052428
FOXA;31.27;31.3574;30.65;31.12;8226561;255226860
FPFI;0.00012;0.00012;0.0001;0.0001;10190035;1020
FPRX;33.1;33.21;32.03;32.86;327871;10714557
FRBK;8.3;8.35;8.2;8.3;210711;1745130
FRED;13.94;15;13.43;14.29;2597387;36970675
FREEF;0.0075;0.0079;0.007;0.0079;399655;2911
FRFHF;455.9;457.76;454;455.55;2456;1119311
FRMA;0.1;0.1;0.1;0.1;18685;1868
FRME;38.5;38.72;38.11;38.69;123699;4760680
FRPT;11;11.35;10.95;11.15;132643;1480798
FRSH;5.54;5.85;5.54;5.79;513910;2924787
FRZT;0.0002;0.0002;0.0001;0.0002;40524658;4402
FSBC;14.21;14.2101;14.21;14.2101;1523;21642
FSBK;12.71;12.71;12.54;12.6;4733;59620
FSC;4.38;4.44;4.35;4.44;1214437;5326381
FSHRF;0.14;0.15;0.14;0.15;12450;1843
FSLR;26.04;27.5;25.5588;26.615;4219783;111513431
FSTR;12.5;13.15;12.5;13.05;78561;1014162
FTEK;0.95;0.99;0.95;0.98;31058;29862
FTNT;37.45;37.47;36.94;37.23;1424381;53012867
FTPM;0.0006;0.0006;0.0005;0.0005;1765500;894
FTR;2.12;2.14;2.07;2.1;28221061;59559984
FUEL;5.01;5.1399;4.53;4.85;1111173;5350827
FUJIY;38.36;38.36;38.24;38.27;3636;139284
FULT;17.25;17.675;17.1;17.6;876395;15309759
FUNC;14;14.3;14;14.3;1329;18722
FUND;7.44;7.44;7.4;7.43;21163;156771
FVE;2;2.05;1.95;1.95;20109;39912
FWONA;32.91;33.22;32.59;32.84;205826;6752993
FWRD;47.71;47.98;47.3;47.88;92080;4389169
GABC;46.38;46.72;46.11;46.24;20563;952858
GAIA;10.4;10.45;10.3;10.4;59598;619006
GAIN;8.94;9.05;8.91;9.05;85248;764576
GALE;0.59;0.61;0.59;0.6069;449110;270643
GALT;2.13;2.5;2.13;2.46;823998;1956751
GARS;9.59;9.67;9.59;9.67;11585;111640
GBCI;32.76;33.35;32.44;33.25;194144;6427516
GBSN;0.0053;0.0079;0.005;0.007;570314961;3794945
GDGI;0.0002;0.0002;0.00015;0.0002;21982017;4170
GDLNF;0.0802;0.082;0.0802;0.082;12000;975
GECC;11.5;11.5543;11.36;11.4;30179;344667
GELV;0.01;0.01;0.01;0.01;3531;35
GEMP;10.21;10.34;10.06;10.06;7400;75420
GENE;1.15;1.19;1.11;1.12;279769;318744
GEOS;14.69;15.72;14.66;15.52;25960;397942
GERN;2.1;2.14;2.07;2.12;1137458;2389354
GEVO;1.05;1.08;1.01;1.07;335580;352531
GGAL;39.86;40.25;39.43;39.81;417854;16688019
GHDX;30.7;31.02;30.14;30.94;79583;2446024
GIFI;10.65;10.8;10.5;10.5;21218;226240
GIGA;0.77;0.8399;0.7501;0.8399;80181;62851
GIGM;3.03;3.03;2.95;2.97;4550;13496
GIII;23.5;24.63;23.5;24.05;1361091;32842447
GILD;66.43;66.8;66.2275;66.48;7823804;520193304
GLAD;9.39;9.444;9.33;9.43;43066;404595
GLBL;4.75;4.8;4.7;4.75;807790;3832708
GLBZ;11.75;11.8;11.5;11.6;5800;67321
GLCO;0.0004;0.00044;0.0004;0.0004;76992;31
GLDLF;1.29;1.29;1.24;1.25;89345;112650
GLLK;0.0004;0.0004;0.0002;0.0003;628713304;181705
GLNG;27.28;27.76;27.12;27.55;522024;14345181
GLPW;4.4;4.5;4.35;4.5;8410;37078
GLUU;2.23;2.33;2.225;2.28;9842424;22461999
GMLP;21.87;22.18;21.87;21.99;159984;3522007
GNBTD;4.5;5.1;4.5;5;650;3085
GNCMA;35.01;35.83;34.52;35.61;343245;12158812
GNKWF;0.105;0.105;0.105;0.105;797;84
GNTX;20.08;20.21;19.905;20.14;1679354;33747160
GNVC;5.7;5.95;5.44;5.95;35901;202410
GOGL;7.95;8.65;7.94;8.36;1535868;12670745
GOLD;88.96;89.58;88.67;89.26;349250;31122746
GOOD;20.4;20.74;20.1014;20.7;61073;1253428
GOOG;832.4;836.39;826.46;827.88;912760;758019791
GOOGL;849.5;853.59;844;845.095;970130;822150681
GPHOF;0.058;0.0613;0.0579;0.0583;378264;22164
GPRO;8.38;8.66;8.34;8.51;2515553;21407805
GQMNF;0.622;0.6528;0.622;0.6468;11829;7591
GRBK;9.8;10;9.7301;9.95;17173;170279
GRLF;0.0001;0.0001;0.0001;0.0001;7130434;713
GRMC;0.03;0.034;0.03;0.034;54157;1633
GRMN;49.89;50.376;49.665;50.08;438979;21998394
GRNH;0.0715;0.078;0.07;0.075;4194710;307375
GROW;1.48;1.52;1.48;1.497;23302;35001
GRPN;3.74;3.815;3.71;3.8;8075664;30414845
GRVY;20.7;21.1;20;20.14;51361;1053180
GSBC;48.35;49.156;48.2;48.8;19106;930552
GSOL;8.6;8.75;8.575;8.7;6646;57679
GSVC;4.49;4.5268;4.47;4.51;32762;147523
GT;34.97;35.405;34.74;35.21;2334932;82277644
GTIM;3.3;3.35;3.3;3.35;3000;10021
GTLS;34.42;35;34.28;34.89;104950;3644739
GTXI;4.86;4.9299;4.75;4.799;44894;217984
GTXO;0.0127;0.0127;0.0106;0.0117;806811;8918
GURE;1.7653;1.77;1.74;1.77;40766;71631
GWPH;117.39;118.175;114.37;115.98;340790;39446637
GYRO;21.49;21.49;21.05;21.07;750;15972
HA;45.75;46.4335;45.5;46.05;656987;30260390
HAIN;37.29;37.29;36.83;37.17;707854;26247836
HALO;13;13.086;12.35;12.53;1113507;13993084
HAS;96.49;96.88;96.04;96.43;1360253;131082143
HAUP;0.0595;0.06;0.0595;0.06;620;37
HBAN;13.04;13.27;12.93;13.2;6942281;91218229
HBHC;44.25;45.15;43.85;45.1;397600;17822979
HBIO;2.3;2.45;2.3;2.4;313300;736763
HCSG;41.43;41.49;41.16;41.43;298706;12349696
HDNG;10.5;10.77;10.36;10.46;18028;189914
HDP;10.82;10.95;10.63;10.84;526060;5677273
HDS;40.42;40.74;40.01;40.31;710131;28681984
HDSN;6.35;6.51;6.33;6.475;381135;2452876
HELE;90.65;91.2;90.1;90.5;104153;9433447
HFBC;14.36;14.38;14.2;14.23;24404;347809
HFCO;0.0001;0.0001;0.0001;0.0001;1020000;102
HIBB;28;28.875;28;28.7;468422;13436504
HIFS;171.194;173.8609;170.7;172;2271;390565
HIHO;3.85;3.8932;3.85;3.8932;3200;12374
HIMX;9.01;9.285;8.98;9.19;3255463;29884611
HIPH;0.0001;0.0001;0.0001;0.0001;12300000;1230
HKEB;0.2;0.2;0.2;0.2;200;40
HLIT;5.45;5.65;5.35;5.55;360933;1990309
HMNF;18.1;18.2306;18.1;18.1;3552;64338
HMSY;19.69;20.23;19.56;19.96;238326;4733191
HNH;27.375;27.375;27.25;27.3;2160;59016
HOKUQ;0.0002;0.0002;0.0002;0.0002;120107;24
HOLL;0.77;0.77;0.77;0.77;100;77
HOLX;42.52;42.695;42.36;42.44;1871714;79554190
HOWWY;3.76;3.76;3.73;3.73;5495;20563
HPJ;4.2;4.9;4.05;4.8;562266;2586798
HPMCF;0.1506;0.1506;0.1506;0.1506;5000;753
HPNN;0.0002;0.0002;0.0001;0.0002;3690000;718
HPPI;0.2702;0.2801;0.2702;0.2801;600;163
HQCL;6.87;7.01;6.81;6.94;9629;66816
HRBR;0.0154;0.0157;0.0154;0.0157;5345;84
HRTX;13.55;13.8;13.3;13.7;479135;6501244
HSIC;168.45;169.05;167.3;168.905;291103;49067783
HSII;25.6;25.6;24.9;25.15;112605;2835170
HTCO;3.6;3.6;3.3;3.3;1840;6202
HTHT;61.5;62.35;61.075;61.76;39815;2458660
HTLD;19.74;19.85;19.47;19.66;603109;11847488
HUBG;46.4;46.75;43.35;46.7;170956;7929097
HURC;29.65;30.5;29.6;30.2;13354;402231
HWCC;6.59;6.6;6.5;6.5;9242;60583
HWKN;47.25;47.5;46.6;47;24619;1158490
HYGS;7.1;7.35;7.05;7.15;55497;396416
HYSR;0.0109;0.011;0.0099;0.011;2249401;23127
HZNP;14.23;14.56;14.16;14.43;2336026;33579476
I-COMP;5870.5199;5889.5801;5856.2197;5875.0802;0;0
IAHL;0.1799;0.1799;0.1799;0.1799;5000;900
IART;41.06;41.98;40.51;40.98;342028;13985448
IBB;287.69;289.08;286.2;288.22;625019;179850633
IBCP;20.15;20.75;19.975;20.65;47537;972401
IBKC;76.4;78;75.9;77.75;197943;15324069
IBKR;34.87;34.88;34.23;34.47;837327;28884267
IBOC;34.4;35.125;34;34.9;135518;4711731
IBRC;0.0022;0.0025;0.002;0.002;16709561;35979
IBTGF;0.3;0.3;0.2985;0.3;30500;9142
ICCC;5.31;5.45;5.3;5.33;2780;14976
ICGQF;0.63525;0.6432;0.61;0.61;100913;63394
ICLN;8.5;8.5339;8.49;8.5;41517;353253
ICLR;79.61;80.49;79.16;80.47;170976;13671521
ICNB;0.0182;0.0184;0.0158;0.0165;5611046;92904
ICON;7.16;7.44;7.1;7.41;624764;4595140
ICPT;109.8;109.8;107.08;108.7;212362;23013950
ICTY;0.0001;0.0001;0.0001;0.0001;1500000;150
ICUI;152.1;152.45;150.25;151.65;71612;10834715
IDCC;86.2;87.2;85.7;86.7;171251;14826620
IDRA;2.22;2.25;2.08;2.17;2096052;4510067
IDSA;1.4748;1.51;1.43;1.43;6134;9122
IDSY;6.2;6.3377;6.07;6.29;23441;146384
IDTI;23.15;23.34;22.98;23.24;1074279;24911437
IDVC;0.0012;0.0014;0.0012;0.0014;769709;1054
IDXX;154.59;155.13;153.33;154.56;478078;73751413
IENT;0.0226;0.0226;0.0226;0.0226;200;5
IEP;50.54;51.1999;49.9;49.9;91882;4627541
IFNNY;20.08;20.105;20.015;20.09;27976;561588
IFNY;0.0511;0.0511;0.0511;0.0511;250;13
IFON;0.5099;0.53;0.5;0.53;34356;17692
IGEN;0.12264;0.12264;0.12264;0.12264;600;74
IGEX;0.0001;0.0002;0.0001;0.0001;169512615;17001
IGF;42.37;42.55;42.37;42.53;111386;4732817
III;2.99;3.07;2.99;3.05;246192;747652
IIIN;35.74;36.29;35.5;36.27;68135;2449301
IIJI;8.7204;9.01;8.61;9.01;1700;14988
IIVI;32.9;33.85;32.75;33.3;450883;15045835
ILG;20.83;20.925;20.64;20.9;644699;13444714
ILMN;167.68;171.43;167.18;170.44;669479;113714397
IMBBY;49.13;49.39;49.13;49.24;22308;1098055
IMGN;3.36;3.37;3.15;3.24;1477768;4747269
IMKTA;42.75;43.75;42.75;43.6;29636;1282521
IMMR;8.34;8.46;8.28;8.42;158837;1330804
IMMU;5.84;5.96;5.67;5.91;2582313;14997914
IMNP;0.133;0.1429;0.1306;0.1415;2275886;307333
IMOS;17.5;17.5;17.28;17.41;91909;1598207
IMPV;40.6;41.25;40.325;41.2;195238;7996758
INAP;3.59;3.62;3.37;3.62;707780;2507553
INCY;137.84;139.3707;134.23;135.5;1269820;172627544
INDB;62;62.85;61.4;62.35;74411;4633443
INFI;2.77;2.78;2.53;2.56;1377295;3597306
INFN;9.63;9.94;9.58;9.93;2812269;27600779
INO;6.03;6.15;5.98;6.07;450481;2729473
INOD;2.1;2.1;2.05;2.05;3086;6403
INOV;12.3;12.5;12.2;12.4;255981;3170342
INPHQ;0.0371;0.0371;0.0371;0.0371;5000;186
INSM;16.88;16.99;16.51;16.83;249402;4178053
INSY;10.02;10.28;9.86;10.22;451972;4559666
INTC;36.13;36.285;36.03;36.03;16867756;609165635
INTL;36.61;37.45;36.31;36.71;48109;1762461
INTU;116.04;117.86;115.56;117.81;2576814;302410631
INTZ;0.24615;0.2999;0.24615;0.2999;475;133
INVA;13.49;13.76;13.3;13.53;1228753;16541550
INVE;6.09;6.565;5.8804;6.54;95676;600326
INVT;0.266;0.2755;0.203;0.2216;436733;100810
INWK;9.77;10.03;9.74;10.01;371892;3701765
IONS;37.92;38.485;37.26;37.96;1071909;40544788
IOSP;61.25;62;60.85;61.8;71734;4412022
IPAR;35.25;35.45;35.1;35.3;39196;1382729
IPCC;92.55;93.4;91.8;93.25;37160;3446847
IPCI;2.2;2.37;2.2;2.29;126743;287581
IPGP;118.76;120.5;117.7174;120.15;193477;23189320
IPHS;48.04;48.04;46.59;47.41;209744;9907548
IPXL;12.6;12.85;12.5;12.75;1715358;21807896
IRBT;65.6;66.79;65.33;66.48;342704;22726221
IRDM;10;10.05;9.775;9.95;1077034;10670692
IRIX;11;11.15;10.95;11.03;19747;217699
IRWD;16.54;16.6;16.13;16.32;1088519;17719995
ISCA;38.8;38.85;38.2;38.65;118366;4563817
ISCO;1.73;1.75;1.7;1.75;4693;8104
ISIG;1.33;1.38;1.33;1.35;41019;55837
ISLE;26.21;26.58;26.15;26.5;255038;6737452
ISNPY;16.186;16.24;16.137;16.23;99626;1614982
ISNS;2.95;3.45;2.9;3.1;200290;634238
ISRG;762.14;765.95;760.3339;762.77;171758;131071942
ISRL;116.05;118.05;116.05;118.05;240;28132
ISSC;2.9889;3.06;2.96;3.02;22800;68770
ISVLF;0.4787;0.4971;0.475;0.4971;39450;18847
ITCI;14.53;15.349;14.31;14.68;747348;11049023
ITEK;1.85;1.9;1.8;1.85;685698;1262343
ITIC;155.89;155.89;154.49;154.49;1428;221504
ITKG;0.055;0.057;0.051;0.051;445160;24402
ITNS;0.002;0.002;0.0015;0.0016;344127;541
ITPOF;17.5854;17.5854;17.5854;17.5854;100;1759
ITRI;59.6;60.45;59.105;60.35;63090;3791566
ITRO;0.28;0.28;0.28;0.28;500;140
IVAC;11.9;12.3;11.55;12.25;147540;1769729
IVANF;0.04425;0.04425;0.04425;0.04425;1000;44
IVFZF;0.0056;0.05;0.0056;0.05;3500;31
IVPAF;3.6575;3.6575;3.6015;3.64;57289;208022
JAGGF;0.474;0.474;0.474;0.474;500;237
JAKK;5.25;5.3;5.175;5.25;66088;347192
JASO;6.43;6.64;6.25;6.53;405523;2646449
JBHT;92.34;93.06;91.57;92.25;1253749;115645686
JBLU;20.6;20.98;20.51;20.91;4143718;86427252
JBSS;71.24;71.855;71.02;71.29;58200;4151112
JD;31.69;32.26;31.49;32.23;5530782;176793801
JJSF;132.77;133.7;132.03;132.98;42910;5704420
JKHY;92.57;92.95;91.87;92.16;181779;16771679
JMBA;8.71;8.76;8.55;8.69;121489;1053110
JOBS;38.47;38.72;38.035;38.59;53850;2073808
JOUT;34.97;35.5;34.63;35.3;18431;647058
JRJC;3.15;3.25;3.15;3.2;55330;177267
JUNO;23.15;23.58;22.84;23.31;1575194;36519601
JVA;4.6027;4.6399;4.56;4.6;12694;58249
JYHW;0.0045;0.0045;0.0045;0.0045;2200;10
KATX;0.0001;0.0002;0.0001;0.0002;3298681;331
KBLB;0.071;0.074;0.071;0.072;372844;27129
KCAP;3.94;3.94;3.86;3.92;152348;596849
KCLI;45.45;45.5;45.2;45.5;1900;86250
KDKN;0.0035;0.0035;0.0035;0.0035;300;1
KELYA;20.66;20.8;20.46;20.79;53895;1113056
KEQU;22.5;22.55;22;22;10632;236741
KERX;5.76;5.76;5.5;5.55;1054878;5893048
KEYW;8.86;8.87;8.65;8.81;310847;2724853
KFRC;22.25;22.3;21.8;22.1;180207;3972613
KGET;0.00025;0.00025;0.0001;0.0002;42499349;7717
KHC;91.49;91.79;90.65;90.95;1744003;158830244
KIRK;12.24;12.345;12.02;12.14;103883;1265628
KITE;74.54;77.96;74.36;77.11;1420784;109004512
KLAC;95.73;96.19;94.88;96.17;386339;37001214
KLIC;19.64;19.756;18.95;19.6;670870;12998847
KNDI;4.1;4.15;4;4;243238;986760
KNKT;0.0011;0.0011;0.0011;0.0011;5000;6
KNSC;0.0003;0.0003;0.00025;0.0003;15469446;4624
KNTNF;0.74;0.765;0.7;0.7;47304;34333
KOOL;3.15;3.2;3.05;3.08;43062;133948
KOPN;4.02;4.03;3.78;3.85;409853;1580186
KOSS;2.05;2.09;2.05;2.09;1286;2669
KPOC;0.024;0.024;0.024;0.024;3000;72
KPTI;12.23;12.35;11.96;12.26;136426;1659064
KTCC;7.17;7.24;7.15;7.24;6971;50168
KTEC;13.5;13.5;13.31;13.46;1166;15654
KTOS;7.77;7.95;7.75;7.88;1412020;11080886
KVHI;7.95;8.1;7.725;8.05;112526;887587
KXPLF;0.1532;0.1532;0.1517;0.1517;4230;644
KZ;7.42;7.43;7.41;7.42;489599;3632806
LABL;69.75;70.4;69.2;70.25;64588;4522049
LAKE;10.55;10.8;10.15;10.5;40029;417548
LAMR;73.48;73.69;72.73;72.95;588590;42972984
LANC;128.09;129.19;127.15;128.62;45110;5785945
LATF;0.0001;0.0001;0.0001;0.0001;1000;0
LAWS;21;21;20.5;20.5;42808;883529
LAYN;8.28;8.82;8.26;8.54;118572;1018690
LBAI;18.8;19.25;18.7;19.15;70875;1350264
LBIX;1.84;1.84;1.78;1.7927;13200;23882
LBTYA;35.13;35.63;35.02;35.33;1419815;50206250
LCRE;0.005;0.005;0.005;0.005;100;0
LCUT;19.95;20.25;19.95;20.25;21846;439088
LE;20.55;21.3;20.55;20.95;43060;902767
LECO;85.28;86.74;85.28;85.84;223369;19182370
LEDS;3.1;3.28;2.78;3.06;26499;80391
LEMIF;0.5054;0.53;0.5054;0.5094;51056;26470
LENS;3.1;3.21;2.98;3.11;25139;78044
LEXG;0.0016;0.0017;0.0016;0.0016;16651953;27304
LFUS;151.48;154.4;150.13;152.53;129315;19648859
LGCY;2.27;2.36;2.25;2.29;121716;277535
LGCYO;9.73;9.97;9.5;9.63;9622;92742
LGCYP;9.83;9.98;9.5285;9.75;3668;35558
LGND;104;104.98;102.56;104.59;147154;15328529
LIFE;3.3;3.35;3.3;3.35;22656;75163
LIME;1.7;1.7;1.62;1.64;6221;10109
LINC;2.82;2.83;2.74;2.81;18799;52125
LION;21.44;21.58;21.17;21.42;77386;1657354
LITE;47.95;49.55;47.8;49;966730;47174714
LIVE;15.78;16.2183;15.75;15.75;10734;171727
LJPC;28.32;28.54;27.0328;27.53;550200;15080821
LLEN;0.013;0.01337;0.013;0.01337;4300;56
LLNW;2.44;2.51;2.42;2.49;154293;382154
LMNX;17.95;18.21;17.7;18.21;247883;4475434
LMRXF;0.457;0.4599;0.457;0.4599;1500;687
LNCE;40.05;40.28;39.735;40.24;235507;9459038
LNDC;13.1;13.6;13.1;13.5;121891;1633387
LNVGF;0.68;0.6936;0.665;0.69;7590;5163
LOCO;12.05;12.15;11.85;12.1;292773;3532571
LOGI;31.42;31.43;31.22;31.34;266446;8348086
LOGM;96.35;98.1;95.6;97.6;388174;37782448
LPCN;3.77;3.884;3.73;3.8;94623;358700
LPNT;63.85;64.2;63.15;63.85;244232;15571646
LPSN;6.65;7;6.5;6.9;274932;1878723
LPTH;2.58;3;2.58;2.66;1924200;5423123
LQDT;7.4;7.45;7.2;7.35;85087;623165
LQMT;0.1965;0.2089;0.195;0.2;246269;49035
LRAD;1.47;1.47;1.39;1.4;23081;32204
LRAXF;0.739;0.7497;0.739;0.7496;9025;6725
LRCX;127.69;128.91;126.8368;128.86;1115933;142930435
LRTNF;0.4266;0.4266;0.4266;0.4266;5000;2133
LSCC;6.93;7;6.89;6.99;516230;3591857
LSTMF;0.0003;0.0009;0.0002;0.0002;5896;4
LSTR;86.15;86.8;85.625;86.2;166761;14361530
LTBR;1.3;1.54;1.27;1.42;448168;629061
LUKOY;54.02;54.02;53.4;53.58;88315;4748613
LULU;49.6;50.92;49.57;50.78;4546422;229927542
LUNA;1.68;1.79;1.68;1.79;15664;27461
LUNMF;5.7353;5.7353;5.6149;5.6296;7700;43842
LVVV;0.0035;0.0035;0.0033;0.0033;920146;3132
LWAY;10.27;10.77;10.15;10.21;67328;702661
LYDIF;0.2879;0.2879;0.2879;0.2879;2000;576
LYJN;0.0001;0.00015;0.0001;0.00015;5700;1
LYSCF;0.071;0.071;0.069;0.069;42250;2944
LYTS;9.25;9.53;9.24;9.47;30488;284385
MACE;0.3923;0.3923;0.3923;0.3923;100;39
MACK;3.35;3.39;3.12;3.23;3393057;10904750
MAGS;7.01;7.23;6.96;7.18;57210;405905
MANH;49.27;49.51;49.0001;49.2;376087;18526166
MANT;33.73;34.375;33.66;34.14;259900;8844416
MAR;91.9;92.15;91.07;91.76;2159692;197679006
MARPS;3.94;4.29;3.94;4.25;834;3461
MASI;92.99;93.24;92.14;92.73;305126;28270976
MAT;25.16;25.52;25.1;25.33;2887373;73100613
MATN;0.7801;0.84941;0.7801;0.81847;27959;22738
MATR;3.5;3.5;3.4;3.45;24628;84942
MATW;64.9;65.475;64.475;65.1;51753;3365583
MAXE;0.0145;0.0145;0.0145;0.0145;20000;290
MBCI;0.00241;0.00241;0.00241;0.00241;450;1
MBFIP;26.5484;26.5484;26.46;26.5;3100;82202
MBII;1.88;1.88;1.73;1.77;14714;26304
MBOT;5.12;5.17;4.9;4.95;73529;366568
MBRX;0.96;0.96;0.845;0.85;983442;865385
MBVT;47.05;47.65;46.75;47.5;22079;1044643
MCEP;2.33;2.3698;2.31;2.31;12737;30021
MCHI;50.34;50.41;50.185;50.39;1042882;52476858
MCHP;72.9;73.81;72.12;73.52;1791510;131253251
MCRI;28.95;29.52;28.9;29.48;19218;562190
MCUJF;7.0734;7.0734;7.0065;7.0065;4100;28912
MDCA;8.95;9.2;8.9;9.1;211412;1919353
MDCO;49.16;50.53;48.99;50.31;875416;43713604
MDFI;0.031;0.044;0.031;0.044;15700;639
MDGL;14.83;15.2;14.83;15.19;8955;134433
MDIT;0.8042;0.8042;0.8042;0.8042;200;161
MDLZ;43.94;44.3;43.66;44.11;5590049;246155822
MDRPF;0.5861;0.6;0.58;0.58;148041;86534
MDRX;12.43;12.565;12.3198;12.53;1983881;24796653
MEDT;0.001;0.001;0.0007;0.0007;21329049;18517
MEET;5.65;5.78;5.63;5.72;991511;5671453
MEIP;1.59;1.6;1.48;1.53;277550;425966
MELI;215.1;218.96;214.645;217.72;354951;77047409
MEMP;0.15;0.159;0.13;0.1392;2054074;298355
MEOH;47.5;48;47;47.45;396654;18839721
MFSF;31.6;31.9;31.175;31.65;3457;109048
MGAFF;0.15;0.153;0.1434;0.1465;70613;10606
MGCD;7.43;8.42;7.43;8.3;5390;44065
MGEE;64.55;64.9;64.1;64.75;39167;2526229
MGIC;7.85;8.05;7.85;8.05;18056;143751
MGPI;53.78;54.93;52.175;54.79;189406;10201329
MGRC;33.05;33.4;32.7;33.38;61488;2040224
MGTI;0.7501;0.7949;0.69;0.72;439341;320160
MHTX;0.0255;0.0273;0.0255;0.0273;94600;2493
MIDD;133.22;134.415;132.78;133.3;259806;34703331
MIICF;54.27;54.27;53.51;53.56;5325;286189
MIND;4.75;5.05;4.74;4.97;24575;120952
MINE;0.0021;0.0023;0.002;0.00227;225500;514
MINI;28.55;29.65;28.25;29.6;123573;3624485
MITK;6.8;6.85;6.65;6.8;194735;1320344
MITSY;290.28;290.5;289.995;290;282;81824
MJNA;0.12275;0.1238;0.12;0.1205;3972843;484247
MKSI;66.95;67.9;66.2;67.55;236526;15878174
MKTAY;35.09;35.22;35.06;35.095;10248;359793
MKTX;179.73;182.6;178.86;181.54;173599;31424271
MLAB;125.07;128.39;122.44;128;6938;877961
MLHR;31.75;31.85;31;31.5;370708;11637399
MLNK;1.63;1.7;1.51;1.69;132774;211332
MLNX;50.25;51.7;49.65;51.5;446249;22744273
MMLP;19.35;19.8;19.3;19.8;55133;1082642
MMSI;28.25;28.45;28;28.4;211539;5969556
MNDJF;0.4225;0.4376;0.42;0.4376;2122600;925360
MNDO;2.36;2.39;2.35;2.38;22190;52478
MNDP;0.0001;0.0001;0.0001;0.0001;500000;50
MNKD;1.3;1.33;1.16;1.26;1949262;2383486
MNOV;5.77;5.88;5.6;5.64;18441;105022
MNRO;49.7;50.75;49.7;50.5;293633;14815692
MNST;46.04;46.34;45.6829;45.75;1410478;64804028
MNTA;13.4;13.6;13.175;13.55;571721;7656845
MNTR;2.01;2.06;1.94;1.95;207703;413083
MOBL;4.35;4.5;4.2;4.5;283923;1231413
MOCO;22.3646;22.666;22.1596;22.3;6768;151046
MORN;75.97;76.94;75.74;76.89;32468;2482972
MOSY;2;2.12;1.94;2.11;81672;167849
MPEL;18.97;18.97;18.97;18.97;0;0
MPWR;91.1;91.45;89.8;91.05;230109;20913273
MQXDF;0.08207;0.0846;0.0789;0.084;51419;4280
MRCY;36.99;37.91;36.9279;37.89;378730;14180809
MRDDF;0.076;0.08;0.076;0.08;40000;3120
MRIB;0.0002;0.0002;0.0001;0.0001;150615710;14936
MRLN;25.25;25.4;24.8;25;14468;362159
MRNA;0.335;0.445;0.326;0.375;356961;140041
MRTN;22.7;22.9;22.475;22.8;90587;2060024
MRVC;10.4;10.4;10.1;10.35;5210;53444
MRVL;15.16;15.21;14.9;15.1;8027138;120863665
MRZLF;1.2676;1.2676;1.23;1.24;6400;7967
MSBF;16.35;16.8;16.35;16.8;11266;187834
MSCC;48.41;49.66;48.05;49.18;1304998;63716553
MSEX;37.11;37.11;36.3874;36.91;18381;676396
MSFG;31.53;32.19;31.26;32.13;86073;2736739
MSFT;65.6;66.055;65.48;65.73;16563177;1088883277
MSON;10.85;11.1;10.85;11.05;1100;12153
MTCH;16.4;16.65;16.3;16.63;558704;9236800
MTEX;15.65;15.9;15.2349;15.6;18392;285592
MTNOY;8.75;8.83;8.75;8.78;30856;270827
MTP;2.68;2.76;2.63;2.63;16720;45101
MTRX;16.25;16.6;16.15;16.55;78166;1283788
MTSC;52.45;53.025;51.9;52.85;40418;2122938
MTSI;49.95;51.18;49.58;50.9;400798;20278164
MU;28.25;28.78;28.02;28.62;17625921;501350034
MUEL;27.6;27.6;27.52;27.52;600;16552
MVIS;2.23;2.26;2.15;2.22;552194;1221604
MXIM;44.37;44.56;44.17;44.49;1011144;44849875
MXWL;5.53;5.62;5.45;5.61;106730;590693
MYEC;0.0037;0.0038;0.003;0.0037;1128000;3953
MYGN;18.56;18.6;18.13;18.37;1012922;18559087
MYL;39.03;39.31;38.79;38.96;3668707;143110192
MYNG;0.06;0.06;0.06;0.06;10200;612
MYRX;0.0533;0.0533;0.0533;0.0533;54150;2886
MZOR;29.57;29.6195;28.41;28.55;184693;5316624
NAII;9.25;9.5;9.2;9.475;15893;148875
NANO;29.37;29.6432;28.95;29.43;140003;4104085
NANX;0.712;0.712;0.712;0.712;1000;712
NATH;62.1;63.2;62.1;62.95;6466;406077
NATI;31.98;32.27;31.78;32.23;234760;7537638
NATR;9.9;10.05;9.8;9.95;12324;121879
NAVG;52.6;53;52.15;52.95;45839;2416095
NAVI;14.44;14.72;14.36;14.62;2108712;30778551
NBIX;40.65;41.01;39.21;40.24;1469010;58597616
NBTB;36.49;36.89;36.23;36.78;62158;2279382
NCEN;0.001;0.001;0.001;0.001;1000;1
NCMGY;18.09;18.09;17.85;17.95;12061;216157
NCTY;1.01;1.01;0.92;0.945;38846;37539
NDAQ;69.04;69.64;68.72;69.13;435465;30150284
NDRM;27;27;26;26.4;118263;3114588
NDSN;121.14;122.595;120.725;121.91;122378;14915750
NDVLY;2.495;2.495;2.495;2.495;600;1497
NEO;7.66;7.72;7.49;7.7;325940;2487245
NEOG;61.88;62.05;60.99;61.63;80041;4913182
NEOM;0.0001;0.0001;0.0001;0.0001;10100000;1010
NEON;1.52;1.54;1.49;1.5;68763;103641
NEPT;1.06;1.07;1.01;1.03;316350;329780
NESV;0.0007;0.0007;0.0007;0.0007;255000;178
NETE;0.86;0.8699;0.84;0.8442;58709;50003
NEWC;0.0118;0.0119;0.0106;0.0116;2499363;27877
NEWLF;0.0001;0.0001;0.0001;0.0001;7757497;776
NEWT;16.32;16.5;16.27;16.36;103109;1683746
NFLX;144;144.14;143.01;143.74;2871333;412351345
NGLOY;7.75;7.81;7.66;7.7;485771;3751907
NGPHF;0.22;0.2397;0.196;0.2397;45041;9726
NHTC;27.85;28.21;27.42;28.21;68183;1901941
NICE;67.76;68.12;67.58;67.87;119409;8105954
NICK;10.47;10.5;10.3701;10.38;1522;15882
NILSY;16.125;16.27;16.12;16.146;40202;650712
NKTR;21;21.4807;20.73;21.04;1909072;40209420
NLNK;17.99;17.99;16.65;17.54;1511333;26048642
NLST;0.99;1;0.9218;0.9549;69022;65801
NMRX;4.39;4.58;4.35;4.49;42910;190086
NNBR;24.95;25.4;24.55;25.05;87451;2187592
NNLX;0.07;0.079;0.07;0.079;77200;5647
NOSOF;0.175;0.1752;0.1624;0.1624;25500;4256
NOVCQ;0.1246;0.13569;0.1246;0.1246;10400;1329
NOVN;6;6;5.85;5.98;80562;476908
NOVT;27;27.3;26.6;27.2;105828;2863844
NRIM;30;30.15;29.95;30.05;6202;186248
NSAV;0.0007;0.0007;0.0006;0.0007;33109787;20793
NSFC;0.78;0.78;0.78;0.78;20200;15756
NSIT;40.83;41.28;40.745;41.17;165060;6774721
NSRGY;76.555;76.6;76.26;76.26;467268;35716095
NSSC;9.9;10.1;9.9;10;9305;93259
NSYS;3.56;3.68;3.56;3.68;10000;36200
NTAP;41.14;41.27;40.69;41.05;3863670;158353645
NTCT;37.1;37.95;37.05;37.7;323700;12162349
NTCXF;0.1947;0.1947;0.18;0.1838;89920;16775
NTDOY;29.813;29.876;29.65;29.79;142196;4239802
NTEK;0.05;0.05;0.02;0.0435;1513639;51900
NTES;277.63;279.17;273;276.01;639751;176589859
NTGR;48.1;49.4;47.2563;49.3;364549;17765868
NTLA;14.1;14.34;13.05;13.76;335376;4557704
NTNX;17.82;18.5;17.705;18.28;3020065;54941352
NTRI;53.65;54.25;53.38;54.1;273901;14753322
NTRS;85.91;86.44;84.96;86.4;747301;64310639
NTWK;5.05;5.1;5;5.1;4550;23114
NUAN;16.62;16.87;16.565;16.81;1382861;23141987
NURO;0.6;0.6301;0.5902;0.615;70185;42942
NUSMF;0.1732;0.1735;0.1621;0.1697;27446;4713
NUTR;29.9;29.9;28.6;29.7;21565;635723
NVAX;1.04;1.05;0.7327;0.9008;29147144;24348636
NVCN;1.65;1.7;1.56;1.68;733811;1202766
NVCR;10.3;11.205;10.14;10.95;2148526;23362297
NVDA;100.24;101.25;98.41;100.74;14682771;1468768332
NVEC;80.57;80.57;78.59;79.3;23871;1902333
NVGN;1.25;1.25;0.8501;1.02;471079;459469
NVIV;3.9;3.95;3.8;3.8;186596;719421
NVLN;10.61;10.7;10.52;10.68;37923;401993
NVLS;2.78;2.85;2.76;2.81;139484;391838
NVNT;0.0029;0.0029;0.0029;0.0029;14393;42
NWBO;0.226;0.235;0.221;0.23;718320;162405
NWGC;0.0001;0.0002;0.0001;0.0002;3000000;350
NWPX;14.41;14.41;14.11;14.17;57533;818683
NWTT;0.0002;0.0002;0.0001;0.0001;1065000;134
NXPI;104.95;105;104.34;104.4;3341969;349467355
NXST;68.1;69.5;67.55;69.3;345714;23739547
NYMX;4;4.5;4;4.34;1033945;4475295
NYNY;24.65;24.65;24.075;24.5;6679;163760
OBCI;4.56;4.75;4.56;4.61;4301;19985
OCANF;3.1849;3.3438;3.18;3.34;134873;439694
OCFC;27.01;27.42;26.75;27.26;85180;2311041
OCLN;0.00355;0.0046;0.0033;0.0042;10378308;41356
OCLR;8.6;9.05;8.52;8.95;9276837;82118264
OCTX;0.02699;0.034;0.026;0.026;23830;649
ODFL;83.76;84.19;83.19;83.94;312392;26145451
ODP;4.7;4.9;4.69;4.83;6815327;32997020
OFIX;36.65;36.67;36.1101;36.48;68019;2478429
OGXI;0.41;0.43;0.38;0.392;223343;89232
OGZPY;4.575;4.59;4.56;4.56;146639;670774
OHGI;0.336;0.336;0.2815;0.29;382133;113446
OHRP;0.7;0.7;0.6509;0.665;475240;321710
OIIM;2.25;2.36;2.24;2.28;16809;38694
OKSB;25.05;25.55;25.05;25.5;31342;791472
OLED;83.95;84.6;82.955;84.15;376141;31588340
OMCL;40.45;40.85;39.75;40.65;111394;4514740
OMCM;0.23986;0.247;0.2351;0.247;27700;6538
OMER;16.15;16.59;15.76;16.42;560941;9103732
OMEX;3.59;3.91;3.5202;3.89;30661;115643
OMNT;11.8025;12.3;11.8;12.3;4964;60349
ONCE;51.34;52.05;50.25;51.49;293677;15110645
ONCS;1.25;1.2551;1.23;1.25;76294;94681
ONCYF;0.56;0.56;0.5037;0.5135;265817;141910
ONSM;0.265;0.265;0.265;0.265;10604;2810
ONVO;2.97;3.06;2.93;3.06;643036;1923957
OOAG;0.0005;0.0006;0.0005;0.0006;6500;3
OPGN;1.11;1.12;1.04;1.06;242425;261289
OPHC;3.28;3.3;3.26;3.26;8569;28018
OPHT;3.18;3.22;3.05;3.18;891147;2782817
OPK;7.63;7.66;7.52;7.61;3650799;27683543
OPNT;7.05;7.15;7.05;7.15;1903;13576
OPTL;0.0001;0.0001;0.0001;0.0001;6476;1
OPTT;2.12;2.17;2.05;2.13;114967;241974
OPXA;0.744;0.7452;0.7;0.72;140661;100714
ORBK;31.67;31.83;31.37;31.5;380951;12007864
ORBT;4.15;4.15;4.15;4.15;1200;4980
OREX;2.64;2.64;2.44;2.53;281142;711518
ORIG;0.2477;0.2871;0.24;0.2406;2469231;652718
ORLY;255.75;256.67;253.76;254.37;687648;175300079
ORMP;6.3;6.34;6.25;6.34;26469;167015
OSBC;11;11.2;10.95;11.15;49254;547822
OSIR;4.96;4.98;4.9;4.92;61748;305302
OSIS;70.5;70.5;69.76;70.39;72095;5056685
OSTK;17.25;17.45;17.15;17.3;26601;459486
OSUR;12.34;12.37;12.11;12.3;880130;10763300
OTCM;21;21;21;21;100;2100
OTEX;33.26;33.36;32.94;33.29;543784;18064169
OTIC;11.4;12.25;11.35;12.15;218423;2586548
OTIV;1.59;1.61;1.5564;1.61;58687;92955
OTTR;37.85;38.05;37.6;37.9;55703;2108267
OTTV;0.0016;0.0021;0.0013;0.0016;39356908;65993
OXIS;0.02045;0.0206;0.016;0.016;7846549;136771
OXLC;11.2;11.2;11.09;11.19;103483;1155942
OZRK;49.84;50.61;49.17;50.31;777519;38949356
PAAS;17.76;18.065;17.695;17.95;1000614;17928861
PACB;4.95;5.01;4.85;4.97;901158;4461920
PACW;52.35;52.895;51.47;52.88;1483092;77654494
PALDF;4.141;4.141;4.141;4.141;100;414
PANC;0.0001;0.0001;0.0001;0.0001;144;0
PATK;63.25;63.664;61.85;62.9;213028;13333217
PAYX;58.29;58.34;57.86;58.16;1225675;71278786
PBCT;17.7;17.96;17.56;17.93;3838124;68497331
PBMD;2.45;2.5;2.42;2.45;13657;33984
PBYI;34.45;34.95;33.2;34.75;780474;26855025
PCAR;66.92;67.38;66.7;67.16;1044628;70094644
PCLN;1764.75;1774.94;1755.3733;1773.52;192799;340534033
PCRFY;11.27;11.34;11.27;11.33;150267;1701120
PCRX;45.8;46.45;45.25;46;578801;26659895
PCTI;6.79;7.12;6.77;7.09;84365;589959
PCTY;37.99;38.33;37.6;38.27;126283;4809151
PCYO;5.6;5.65;5.55;5.6;8413;46936
PDCE;61.65;62.49;61.0775;62.39;661208;41055816
PDCO;44.3;44.735;44.1;44.68;722326;32176980
PDEX;4.5;4.5;4.45;4.45;3540;15859
PDFS;22.4;22.77;22.19;22.76;74250;1673149
PDLI;2.13;2.17;2.1;2.13;2006135;4286444
PDMI;0.0001;0.0003;0.0001;0.0002;264284118;52702
PEBK;29.25;29.8;28.7;29.69;1400;41267
PEBO;31.11;31.54;30.9;31.49;14349;449394
PEGA;43;43.6;42.85;43.3;147938;6404612
PEIX;6.75;7.2;6.75;7.05;423413;2947272
PENN;18.18;18.6068;18.09;18.54;1907111;35194508
PERY;20.25;20.58;20.25;20.53;44517;910799
PESI;3.1;3.15;3.05;3.075;7900;24490
PETS;20.71;21.17;20.71;21.16;204609;4302199
PFBC;50.35;52.12;50.1101;51.87;52574;2703416
PFBI;21.09;21.25;20.9072;21.14;7613;160839
PFHO;14.7;14.7;14.7;14.7;300;4410
PFI;30.12;30.58;30.02;30.51;19701;597094
PFIN;7;7;6.9404;6.9404;2117;14784
PFPT;74.99;75.68;74.06;75.67;481514;36053068
PFSW;6.24;6.34;6.17;6.21;20089;125454
PGAS;0.03;0.03;0.02699;0.03;7965;231
PGJ;33.82;34.06;33.74;34.03;11679;396321
PGLO;0.01;0.01;0.008;0.008;21500;212
PGNPQ;0.0454;0.0454;0.041;0.043;91783;3990
PGNX;8.66;8.68;8.3;8.53;842545;7134190
PGUS;0.0218;0.0235;0.02;0.02317;887493;19421
PGXPF;0.0441;0.0441;0.0441;0.0441;30000;1323
PHIIK;11.88;12.02;11.54;11.99;17854;211575
PHMD;1.52;1.5299;1.37;1.48;42765;63710
PHO;25.85;26.0302;25.76;25.93;32244;835455
PHOT;0.0097;0.0098;0.0088;0.0093;12232919;110424
PHRX;0.0016;0.00175;0.0012;0.00156;69600;112
PI;28.8;30.28;28.35;29.96;379024;11277319
PICO;13.4;13.525;13.35;13.45;42166;567466
PID;15;15.04;14.9465;15.01;165153;2478481
PIO;22.44;22.56;22.44;22.47;17786;400413
PIRGF;2.5;2.5;2.48;2.49;3200;7993
PIRS;2.49;2.5099;2.29;2.44;187411;447928
PKBK;21.4;21.6;21.3;21.55;6222;132919
PKOH;35.25;36.5;35.1;36.35;23719;852681
PLAB;10.5;10.6;10.35;10.5;181861;1908050
PLAY;59.52;60.01;59.11;59.92;529939;31648457
PLCE;109.45;112.65;109.45;112.2;553788;61849785
PLGTF;0.42;0.4272;0.42;0.4267;20396;8611
PLPC;52.96;52.99;50.6;51.7;3253;168926
PLUG;2.375;2.4;2.02;2.14;37825057;81463970
PLUS;64.45;65.1;63.85;65.05;37387;2424211
PLXS;56.67;57.52;56.6;57.28;78783;4502197
PMBC;7.4;7.55;7.4;7.5;23154;173459
PMCB;0.09655;0.1;0.0922;0.096;980603;94449
PNFP;62.75;63.5;61.8;63.4;153972;9708858
PNLYY;4.76;4.76;4.72;4.73;5695;27047
PNNT;8.04;8.0899;8.0008;8.07;354011;2851683
PNRA;312.42;313;311.89;312.55;3218441;1005468863
PNTR;9.15;9.4;9.15;9.4;3547;32928
POEFF;1.22;1.22;1.2037;1.214;18279;22241
POOL;118.93;119.745;118.215;118.92;103091;12241473
POOSF;0.0007;0.0007;0.0007;0.0007;700;0
POWI;63.25;64.4;62.6;64.35;85994;5494127
POWL;34.37;34.4;33.67;34.03;16462;560731
PPBI;36.05;36.55;35.7;36.5;218870;7935858
PPBV;0.0001;0.00015;0.0001;0.00015;10310;1
PPC;22.54;22.85;22.33;22.79;694153;15766640
PPHM;0.65;0.65;0.6225;0.64;927125;586941
PPHMP;21.9578;22.45;21.75;22.21;11003;242643
PPIH;8.014;8.6;7.9;8.2;9050;72418
PPJE;0.00005;0.0001;0.00005;0.0001;10100000;710
PRAA;31.5;32.15;31.3;32;302016;9638175
PRAH;64.62;64.85;63.88;64.83;296092;19048120
PRAN;3.11;3.2433;2.8;2.95;87252;256233
PRCP;8.43;8.777;8.4144;8.67;82021;708709
PRFT;16.92;16.955;16.735;16.92;68033;1147056
PRGS;29.27;29.82;29.14;29.73;363757;10779572
PRGX;6.15;6.35;6.15;6.3;18185;112864
PRKR;1.94;1.95;1.86;1.95;220988;423215
PRMW;12.87;13.12;12.71;13.08;99979;1293503
PROV;18.47;18.65;18.41;18.56;8612;159496
PRSC;42.755;43.93;42.755;43.87;46238;2015035
PRSG;0.1169;0.1169;0.1169;0.1169;100;12
PRSS;2.87;2.97;2.81;2.841;19484;55854
PRTA;50.68;50.84;49.27;49.85;288282;14366589
PRTK;22.75;24.0074;22.675;22.95;821020;18924953
PRTS;3.3;3.33;3.26;3.32;18225;59931
PRXIQ;2.29;2.85;2.28;2.85;21110;51104
PRXL;61.8;61.995;61.39;61.8;378316;23355431
PSCF;49.9746;50.318;49.7666;50.27;17864;895514
PSCH;77.45;78.113;77.45;78.06;24671;1915461
PSDV;1.65;1.74;1.64;1.72;235291;400975
PSEC;9.07;9.09;9.01;9.07;1717794;15530642
PSMT;92.2;94;92.2;92.85;125585;11686043
PSPW;0.1;0.1;0.07;0.07;35871;3481
PSTI;1.44;1.59;1.41;1.5;427867;633748
PTC;51.26;52.1;51;51.98;789184;40858431
PTCT;9.69;9.77;9.4059;9.73;497681;4790829
PTEN;24.69;25.33;24.683;25.29;3059868;76968374
PTGCY;0.343;0.36368;0.3295;0.34;33454;11254
PTIE;0.81;0.9197;0.75;0.8977;1600134;1343469
PTRC;0.8;0.9;0.8;0.82;11250;9092
PTSI;14.9;15.485;14.88;15.15;11031;166070
PTTN;0.00012;0.0002;0.0001;0.0002;25851214;2838
PTX;3.3;3.56;3.3;3.54;129065;446192
PTXP;17.19;17.25;17.01;17.19;7700;131811
PUPS;0.00138;0.00138;0.00138;0.00138;10000;14
PURE;1.03;1.03;0.92;0.9503;62234;58697
PVHO;0.077;0.08;0.073;0.078;558377;43270
PVTB;59.25;59.65;59.09;59.53;1181973;70316953
PWOD;42.33;42.98;41.927;42.42;3339;141717
PXLW;4.39;4.52;4.21;4.48;333749;1451648
PYPL;42.9;43;42.72;42.9;4115549;176381607
PZZA;80.91;81.54;80.45;81.21;242636;19693606
QBAK;4.35;4.55;4.11;4.23;45497;194247
QBIO;5.55;5.62;5.2;5.52;107849;587916
QCLN;16.34;16.49;16.27;16.4;5938;97392
QCOM;56.44;56.73;56.1393;56.53;4622321;261028601
QCRH;41.85;42.85;41.75;42.65;23039;977332
QDEL;22.65;22.85;22.26;22.71;64841;1468391
QEGY;0.2101;0.22;0.2101;0.22;1400;304
QFOR;0.06;0.06;0.04755;0.0499;91093;4862
QGEN;28.05;28.16;27.94;28.15;631131;17711883
QIWI;16.94;16.98;16.6;16.88;416826;7017221
QQQ;132.12;132.39;131.7;132.04;16673462;2201762867
QSII;14.57;14.72;14.36;14.66;467595;6829178
QTWWQ;0.04;0.045;0.0371;0.0381;38121;1631
QUIK;1.6;1.64;1.58;1.61;660465;1062853
QUMU;2.7208;2.85;2.7208;2.84;3700;10354
QURE;5.62;5.68;5.5;5.62;74785;418154
RADA;1.15;1.1501;1.11;1.146;117534;132230
RAND;3.04;3.044;3.02;3.044;3000;9126
RARE;61.15;63.259;58.32;58.59;779564;46442188
RAVN;28.2;29.075;28.2;28.95;86109;2476971
RBCAA;32.1;33.39;32.1;33.15;27879;908826
RBCN;0.7896;0.81;0.7896;0.8;28031;22449
RBEIF;0.0013;0.0018;0.0013;0.0018;10666;14
RBPAA;3.88;3.99;3.8458;3.98;15732;61457
RBYCF;1.4241;1.4241;1.3785;1.3785;1450;2035
RCII;9.39;9.56;9.28;9.5;2217409;20887039
RCKY;11.15;11.2;10.75;10.8;59594;656112
RCMT;4.75;4.79;4.66;4.75;17914;84908
RCPIQ;0.0019;0.0019;0.0016;0.0016;81593;140
RDCM;18.35;19.15;18.35;19;47572;901670
RDEMF;0.5692;0.58;0.561;0.561;36777;21133
RDHL;9.73;10.05;9.55;9.72;28352;275490
RDVWF;0.004;0.004;0.004;0.004;13500;54
RDWR;15.62;15.9;15.51;15.84;147308;2325954
RECN;14.65;14.7247;13.4;13.65;594816;8277771
REDFY;0.15;0.155;0.1;0.103;84700;9988
REEMF;0.24315;0.24315;0.2154;0.24;186539;42212
REFR;1.32;1.33;1.28;1.31;3800;4952
REGI;9.95;10.25;9.925;10.1;438302;4422028
REGN;379;381.98;376.36;379.48;876120;332098441
RELL;5.62;5.96;5.62;5.85;25947;151904
RELV;5.27;5.95;5.27;5.79;44238;247080
RELY;2.65;2.675;2.5;2.6;351402;905835
REVI;0.07;0.07;0.07;0.07;100;7
REVO;0.001;0.001;0.001;0.001;30000;30
RFMK;0.008;0.008;0.00425;0.007;70500;487
RGBP;0.04855;0.0527;0.046;0.04795;467506;22073
RGCO;21.71;22.205;21.61;21.61;12586;276371
RGEN;33.77;33.85;32.73;33.81;148451;4979211
RGLD;70.22;71.81;70.01;71.47;300403;21389939
RGLS;1.55;1.6;1.4;1.575;1089628;1613872
RGSE;1.27;1.282;1.16;1.22;315996;379361
RHHBY;32.15;32.17;31.99;32.035;364145;11673935
RICK;16.87;17.37;16.85;17.06;109011;1869675
RIGH;0.0001;0.0002;0.0001;0.0001;4563440;581
RIGL;3.11;3.13;2.95;3.04;822121;2484273
RITT;0.029;0.029;0.029;0.029;6897;200
RMBS;12.63;12.85;12.48;12.85;484578;6180515
RMCF;11.25;11.3;11.21;11.2332;29798;334793
RMLFF;0.14;0.14;0.14;0.14;300;42
RMTI;6.2;6.3;6.0358;6.3;138471;857730
RNET;20.6;21.5;20.5;21.4;33238;699678
RNVA;1.38;1.3892;1.21;1.31;333525;435066
RNWK;4.41;4.44;4.38;4.4;25880;113948
ROBO;31.8;31.92;31.69;31.9;217837;6931433
ROCK;39.25;39.9;39.075;39.6;93740;3700529
ROIAK;3;3.05;2.975;3;56785;170882
ROIC;20.85;21.03;20.78;20.94;537071;11237418
ROLL;93.13;94.88;93.13;94.28;89064;8377041
ROSG;2.62;2.75;2.55;2.58;100059;264271
ROST;62.93;64;62.8675;63.45;4052350;257564025
RPRX;1.1;1.15;1.1;1.11;66989;75289
RPXC;12.15;12.32;12.03;12.31;720581;8758748
RRGB;56.95;57.75;56.8;57.5;168330;9640289
RSRT;0.0864;0.1485;0.0864;0.145;3060;370
RSYS;3.86;3.92;3.84;3.91;27252;105977
RTIX;3.85;4;3.85;3.95;80820;317807
RTK;0.4505;0.4822;0.4314;0.4722;131756;59037
RTRX;18.41;18.41;17.61;18.04;443592;7928740
RUN;5.02;5.18;4.95;5.18;908615;4617528
RUSHB;30.82;31.75;30.82;31.36;22560;709076
RVLT;8;8.05;7.45;7.84;257361;1992520
RVSB;7.12;7.26;7.1017;7.26;12291;88841
RWLK;2.05;2.05;1.9;1.95;107233;213129
RXII;0.76;0.78;0.735;0.7451;507659;381017
RYAAY;85.34;86.2;85.09;85.45;159742;13682527
SAFM;103.86;105.3;101.83;104.95;254658;26670977
SAFT;68.15;68.35;67.4;68.25;55268;3752530
SAGE;70.04;72;68.05;71.1;525627;36966120
SALE;7.75;7.8;7.6;7.7;275169;2118602
SALM;7;7.05;6.8;6.8;26250;180533
SANM;39.6;40.25;39.2;40.1;343145;13673079
SASR;40.01;40.73;39.94;40.4;263276;10612000
SBAC;119.5;120.23;118.59;120.07;675999;81049443
SBBP;4.3;4.305;4.05;4.1;20940;86371
SBCF;23.5;24.14;23.02;24.13;308829;7392904
SBGI;40.35;40.5;39.6;40.25;774449;31070338
SBLK;11.57;12.67;11.57;12.13;974447;11945983
SBOT;1.44;1.5;1.4001;1.45;40929;58588
SBRCY;12.116;12.18;12.08;12.11;34595;419078
SBUX;58.13;58.36;57.73;57.92;6668704;387025343
SCBFF;9.0921;9.3;9.0921;9.3;1500;13846
SCGLY;9.75;9.83;9.71;9.82;41789;408940
SCHL;42.22;42.82;41.915;42.71;65271;2774133
SCHN;20;20.65;19.75;20.1;604565;12172614
SCIL;0.58;0.62;0.57;0.62;1250;750
SCLN;9.75;9.85;9.6;9.8;152317;1483976
SCON;1.88;1.96;1.59;1.74;10361546;18529715
SCOR;22.1;23.23;22.03;23.19;1147866;26285487
SCSC;37.65;38.05;37.4;38;60462;2286130
SCSS;24.67;25.83;24.62;25.8;800342;20393257
SCVL;23.89;24.5;23.8;23.9;165032;3975397
SCZ;53.82;53.9;53.75;53.81;653846;35174249
SDRG;0.03;0.03;0.025;0.029;1982493;58371
SDXAY;23.745;23.745;23.5;23.52;1999;47196
SEAC;2.4133;2.45;2.31;2.42;99474;238500
SEDG;15.15;15.65;15.05;15.65;460413;7125960
SEED;2.09;2.14;2.0549;2.09;99322;208109
SEIC;50.55;51.08;50.09;50.83;342347;17377599
SENZ;0.7658;0.8399;0.73;0.75;56532;42928
SEV;13.65;14.19;13.49;14.14;8861;122505
SFLY;47.58;48.1;47.32;48;250036;11934665
SFM;22.64;23.27;22.62;22.98;3024411;69656861
SFMI;0.0001;0.0001;0.0001;0.0001;75000;8
SFTBF;71.82;71.86;71.55;71.846;2508;179934
SGEN;62.22;63.6;61.57;63.54;501188;31577272
SGMA;4.9284;5.0321;4.9284;5.0321;857;4264
SGMO;4.55;4.695;4.4;4.45;824867;3709287
SGMS;22.15;22.6;22.05;22.6;499833;11220779
SGOC;2.6;2.75;2.55;2.7;16466;44234
SGRP;1.0024;1.01;1;1.01;4600;4619
SGTZY;5.25;5.25;5.25;5.25;100;525
SGYP;4.06;4.32;3.98;4.09;11662654;48257739
SHEN;28.75;28.8;28.15;28.8;131509;3758743
SHLD;11.43;11.84;11.4;11.65;889114;10327412
SHLM;29.75;30.675;29.5;30.35;347762;10519105
SHLO;12.08;12.6;12.011;12.57;58723;729358
SHOM;0.00129;0.0014;0.0012;0.00129;16363683;21526
SHOO;36.75;37.5;36.65;36.85;260654;9661510
SHOR;6.35;6.5;6.35;6.5;744851;4802544
SHPG;175.39;176;171.35;171.55;1740228;300339495
SIAF;3.24;3.4;3.07;3.4;159111;503999
SIEB;3.8;3.8;3.27;3.8;11067;38661
SIEGY;68.455;68.52;68.14;68.174;67092;4584361
SIFY;0.9;0.9;0.88;0.88;28927;25602
SIGI;45.35;45.35;44.9;45.1;147346;6639607
SIGM;5.6;5.8;5.6;5.8;210363;1210365
SILC;46.55;46.86;46.2;46.52;33080;1537410
SIMO;45.52;46.315;45.52;46.1;181369;8349929
SINA;70.61;71.11;69.9;70.97;654457;46298602
SING;0.051;0.055;0.05;0.0505;1493325;76794
SIRI;5.12;5.165;5.1;5.13;12055424;61879659
SIVB;178.33;183;177.1301;182.11;264782;47962789
SKTO;0.0001;0.0001;0.0001;0.0001;560203;56
SKYW;31.85;32;31.5;31.7;198232;6288819
SLAB;70;70.55;69.2;69.75;292420;20363053
SLGN;57.73;59.44;57.65;58.3;194619;11341110
SLP;11;11.2;10.9;11.15;28311;313537
SLRC;22.7;22.81;22.57;22.79;92196;2094077
SLVO;9.1442;9.179;9.1401;9.15;23050;211054
SMBC;34.95;35.5;34.35;34.58;58089;2023432
SMBZF;0.0496;0.0496;0.0412;0.0412;48200;2075
SMMT;12.31;12.47;11.56;11.73;14214;170567
SMRT;2.62;2.86;2.62;2.72;493737;1343620
SMSI;0.83;0.8921;0.83;0.87;19528;16620
SMSMY;9.74;9.74;9.39;9.39;3832;36317
SMTC;32.25;33.025;32.2;32.75;457173;14953403
SMTX;1.2384;1.38;1.2384;1.27;104946;137747
SNBC;23.95;24.25;23.875;24.15;14438;348199
SNCR;23.56;23.95;23.16;23.89;464865;11016700
SNDY;0.00605;0.00605;0.006;0.006;1770;11
SNFCA;6.85;7;6.85;6.9;1215;8363
SNH;20.96;21.18;20.76;21.11;788259;16590214
SNMX;0.94;0.9698;0.89;0.9281;279852;259625
SNOA;6.9;6.9;6.56;6.86;18935;128321
SNPS;71.57;71.88;71.2;71.34;897058;64092318
SNSS;4.04;4.15;3.95;4.005;82292;333735
SODA;50.37;51.63;50.3259;51.11;335534;17128611
SOEN;0.0012;0.0013;0.0012;0.0013;1100;1
SOFO;5.07;5.2;5.07;5.2;3300;16879
SOHU;39.5;39.5;38.99;39.23;141079;5526618
SONC;25.7;26.1;25.6;25.76;1230746;31751295
SONS;6.54;6.74;6.51;6.72;209568;1399305
SONT;0.005;0.005;0.005;0.005;50000;250
SOQDF;0.0013;0.0013;0.0012;0.0012;1125;1
SORL;4.16;4.246;4.0064;4.15;388020;1608970
SPAN;21.64;21.64;21.2429;21.5363;2125;45542
SPAR;7.75;8.1;7.6;7.95;289384;2296042
SPEX;1.08;1.11;1.05;1.07;74485;79566
SPHS;2.68;2.68;2.51;2.54;395492;1006775
SPIL;8.07;8.07;8;8.07;106070;853253
SPIR;0.012;0.012;0.012;0.012;100;1
SPKKY;12.688;12.698;12.64;12.65;15039;190697
SPLK;61.18;61.3674;60.38;60.93;853249;51855561
SPLS;9.86;10.18;9.76;9.82;11093527;109989330
SPNC;28.25;28.6;27.95;28.55;187948;5320858
SPNS;13.9;13.94;13.631;13.73;92575;1277515
SPOK;18;18.4;17.8;18.35;150361;2743042
SPOXF;1.63002;1.63002;1.61;1.61;31500;51045
SPPI;6.22;6.3;6.05;6.16;697313;4282715
SPRT;2.161;2.22;2.16;2.19;16028;34891
SPTN;34.44;34.78;34.32;34.75;90113;3117978
SPU;5.7;5.94;5.7;5.9;13826;80249
SPWR;6.1;6.3;6.04;6.22;2327197;14407465
SQQQ;37.28;37.63;37.045;37.33;2798463;104476752
SRCE;46.15;46.61;45.95;46.51;78139;3622759
SRCH;0.07548;0.082;0.07285;0.07285;4400;335
SRCL;82.41;82.99;81.83;82.51;561963;46306452
SRDX;23;23.25;22.95;23.1;29605;684564
SRET;14.9;15;14.89;15;26455;395197
SREV;3.55;3.58;3.51;3.545;344367;1222388
SRNE;3.35;3.4;2.95;3.05;492536;1542249
SRPT;29.4;29.58;28.7173;29.32;1127285;32777429
SRRY;0.0152;0.0194;0.0061;0.0194;143030;1674
SRTI;0.0231;0.0231;0.0231;0.0231;100;2
SSH;1.9;2.25;1.88;2.04;2385196;4970609
SSKN;0.5609;0.5708;0.5001;0.528;58870;31152
SSNC;35.52;35.58;34.95;35.15;1638299;57589223
SSRI;11.14;11.31;11.09;11.21;811061;9077087
SSTRF;0.002;0.002;0.002;0.002;200;0
SSYS;20.08;20.43;19.9113;20.41;373357;7554519
STAA;9.55;9.8;9.5;9.5;58960;564493
STB;5.91;5.92;5.83;5.91;274236;1615309
STBA;33.4;34.04;33.18;33.93;32083;1081667
STEV;0.0203;0.0203;0.0181;0.0198;344511;6814
STFC;27.1;27.2107;26.86;26.98;40526;1096925
STKL;6.75;6.9;6.65;6.8;164669;1125667
STKR;0.11;0.11;0.11;0.11;10000;1100
STLD;34.13;34.79;33.86;34.49;1537346;52812527
STLY;0.8394;0.8499;0.8001;0.8001;91202;74882
STMP;113.25;114.945;101.55;109.85;1887463;203056064
STRA;78.56;79.6;77.46;79.3;37156;2927153
STRS;27;27.15;26.95;27.05;2028;54862
STRT;25.4;25.4;24.5;24.6;19569;487170
STTX;0.0099;0.0099;0.0099;0.0099;25300;250
STX;46.25;46.59;45.67;46.25;2652914;122598208
STXS;0.52149;0.57;0.52149;0.57;51311;28863
SUHJY;15.16;15.2;15.08;15.13;4746;71737
SUNEQ;0.067;0.067;0.062;0.064;1204787;77561
SUNW;1.48;1.54;1.48;1.53;32987;50010
SVA;5.61;5.69;5.57;5.62;36126;202720
SVBI;7.15;7.15;7.05;7.05;1678;11920
SVCMF;1.478;1.516;1.478;1.4962;21300;32042
SVFC;0.0001;0.0001;0.0001;0.0001;500000;50
SVIN;30.71;31;30.71;31;2100;65071
SVMLF;3.63;3.87;3.63;3.87;138191;523625
SVON;0.249;0.249;0.175;0.175;1900;340
SWHI;0.0125;0.01291;0.01;0.0127;433451;5166
SWIR;26.4;26.9;26.1;26.5;254414;6749691
SWKH;10.6;10.755;10.6;10.6;1400;14887
SWKS;98.97;99.81;97.7313;99.42;1073232;106230383
SWMAY;16.034;16.034;16.034;16.034;114;1828
SWTF;27.7;27.7;27.7;27.7;185;5124
SYCRF;2.26;2.39;2.25;2.35;121204;277890
SYKE;28.33;28.5;28.15;28.33;69561;1970807
SYMC;30.28;30.56;30.155;30.56;4839735;147065666
SYMX;0.85;0.85;0.8;0.84;39575;32989
SYNA;48.11;49.4;47.68;49.31;360372;17617705
SYNC;3.6;3.65;3.4;3.5;2516987;8855909
SYNT;16.71;16.91;16.67;16.85;409953;6888099
SYPR;1.0421;1.1;1.0421;1.1;14240;15429
SYTE;0.083;0.083;0.083;0.083;50000;4150
TA;6.05;6.1999;6.05;6.05;174286;1063210
TACT;8;8.15;8;8.15;4101;33337
TALK;0.0006;0.0006;0.0005;0.0005;3246000;1650
TASR;21.9;21.9;21.9;21.9;0;0
TAST;13.9;14.05;13.775;14;220828;3077021
TATT;9.95;9.95;9.85;9.95;5251;52131
TAUG;0.0017;0.0018;0.0013;0.0014;15249075;22224
TAYD;14.05;14.05;13.98;13.98;1319;18500
TBBK;4.75;4.86;4.73;4.75;186435;889130
TBIO;0.52005;0.55;0.52;0.52;37903;20251
TCBI;81.3;83.2;80.5;82.95;695146;57071260
TCBK;34.4;34.79;34.24;34.71;27120;938148
TCCO;2.65;2.65;2.65;2.65;100;265
TCRD;9.79;9.82;9.64;9.8;52435;510477
TEAM;30.15;31.33;30.15;31.32;1103400;34236106
TECD;89.59;90.84;89.11;90.01;575691;51902131
TECH;98.22;100.76;98.22;100.74;152406;15265510
TECO;0.00001;0.00001;0.00001;0.00001;175;0
TEDU;19.05;19.29;18.71;19.11;135247;2576309
TELL;11.75;11.75;11.04;11.19;429615;4832321
TELOZ;0.18;0.18;0.18;0.18;100;18
TENX;0.62;0.65;0.485;0.5044;3258433;1874566
TERP;12.24;12.43;12.11;12.38;421895;5183569
TESO;7.3;7.4;7.2;7.35;175700;1283482
TESS;14.25;14.55;14;14.25;30996;440039
TEUFF;0.176;0.176;0.17;0.176;6368;1102
TFIFF;22.9255;22.9255;22.8703;22.8703;200;4580
TGA;1.57;1.63;1.57;1.6;72361;115589
TGEN;3.78;3.78;3.64;3.69;8271;30902
TGICQ;0.022;0.022;0.022;0.022;40100;882
TGTX;10.4;10.45;9.8;10.4;1638982;16655262
THCT;0.55;0.55;0.52;0.55;29119;15870
THFF;45.95;47.15;45.6;46.95;16355;761049
THLD;0.5314;0.5591;0.53;0.55;263364;144550
TICC;7.36;7.37;7.26;7.37;234780;1721939
TILE;18.3;18.65;18.25;18.5;366607;6743394
TITN;14.85;15.23;14.8;15.06;168418;2528193
TIVO;18.3;18.75;18.125;18.75;360940;6708897
TKECF;3.916;3.916;3.9;3.9;1673;6526
TKRFF;0.5455;0.5532;0.5386;0.5454;73965;40209
TLF;8.2;8.2984;8.2;8.2;2333;19207
TLGN;0.0516;0.0516;0.0516;0.0516;200;10
TLSYY;17.2899;17.32;17.21;17.21;81513;1406405
TLT;121.24;121.41;120.52;121.2;5267890;637527290
TMMI;0.0575;0.065;0.0535;0.06385;149000;8928
TMRC;0.2368;0.24;0.235;0.24;17508;4127
TNXP;3.82;4.19;3.8149;4.09;758062;3066861
TORM;7;7.3;7;7.25;7839;56436
TORZ;0.12;0.12;0.12;0.12;2380;286
TOUR;8.26;8.32;8.23;8.29;156473;1296332
TPIV;4.34;4.4;4.2292;4.31;32645;140523
TPNI;0.0002;0.0002;0.0002;0.0002;164533;33
TQQQ;87.71;88.21;86.85;87.48;2414983;211622823
TRIB;5.56;5.67;5.56;5.6;18133;101789
TRIP;41.94;42.7525;41.75;42.3;3779637;159928433
TRMB;31.06;31.4766;30.9;31.38;364061;11383922
TRMK;30.97;31.577;30.6;31.42;221772;6933249
TRNS;12.5;12.6;12.5;12.6;1400;17548
TROV;1.05;1.05;1;1;242378;244428
TROW;68.96;69.66;68.515;69.33;1555671;107714553
TRST;7.85;7.95;7.8;7.85;156821;1233607
TRTC;0.2723;0.279;0.27;0.275;4146914;1139787
TRVN;3.41;3.461;3.24;3.4;1488445;5008550
TSBK;22.62;22.99;22.13;22.82;4176;94773
TSCDY;6.9;6.96;6.9;6.93;62129;430829
TSCO;68.47;69.905;68.275;69.53;2103618;146044766
TSEM;22.39;22.54;22.16;22.48;357394;8000855
TSLA;296.88;301.94;294.1;298.7;4635048;1382850449
TSRI;5.15;5.15;5.15;5.15;500;2575
TSRMF;0.5997;0.5997;0.5997;0.5997;500;300
TTD;37.45;38.3;37.32;37.71;434446;16439259
TTDKY;61.6;61.63;61.5491;61.6;2360;145356
TTEC;29;29.125;28.65;28.85;88790;2567733
TTEK;40.15;41.05;40.05;41;298030;12134854
TTMI;16.26;16.72;16.09;16.5;1306930;21584626
TTPH;8.54;8.62;8.14;8.62;473420;3996048
TTWO;57.83;58.38;57.49;58.05;1112372;64480681
TUES;3.5;3.7;3.5;3.55;149382;532198
TURN;1.46;1.46;1.42;1.43;62461;89477
TVIX;35.91;36.46;33.85;35.4;6007016;211427543
TWER;0.12875;0.134;0.10815;0.13;338201;42054
TWMC;1.8;1.85;1.8;1.8373;4121;7560
TWMJF;7.4875;7.6844;7.42;7.6638;224645;1691178
TXN;79.98;80.37;79.402;80.1;3363803;268763413
TZOO;9.35;9.55;9.275;9.55;12529;118409
UAHC;0.1612;0.191;0.144;0.144;33640;5514
UBCP;12;12.05;12;12;1306;15677
UBFO;7.3;7.3;6.8062;7.1;21889;154115
UBSH;34.66;35.18;34.35;35.11;101572;3550838
UBSI;40.7;41.15;40.35;41;309586;12650786
UCBI;26.36;26.89;26.13;26.85;175763;4687733
UCFC;8.24;8.32;8.12;8.19;60613;498118
UCPA;0.00197;0.0024;0.0019;0.0024;1367026;3207
UCTT;15.55;15.78;14.97;15.6;609976;9398593
UEIC;66.95;67.5;66.95;67.45;50496;3386784
UEPS;11.05;11.61;10.98;11.58;155218;1755773
UEXCF;0.22;0.22;0.215;0.21635;48550;10445
UFCS;41.89;42;41.38;42;40613;1698649
UFPI;94.66;96.6;94.56;95.55;48032;4584842
UFPT;25.1;25.25;24.75;25.05;60532;1508081
UGLD;10.5;10.55;10.45;10.5;280823;2950313
UHAL;364;364.0059;358.1;361.69;78170;28225322
UHLN;0.0005;0.0006;0.0005;0.0006;428400;237
UIHC;15.27;15.27;15;15.25;137574;2081457
ULBI;5.35;5.35;5.25;5.3;22800;120581
ULGX;0.002;0.002;0.002;0.002;25110;50
ULTA;282.65;285.02;282.21;284.96;404684;114994995
ULTI;197.67;200.93;197.075;198.09;234219;46427554
UMBF;73.36;74.52;72.66;74.23;70688;5230111
UMPQ;17.14;17.38;17;17.34;1209565;20825875
UNAM;9.6;9.6;9.6;9.6;600;5760
UNDT;0.036;0.036;0.028;0.028;5275;160
UNFI;43.01;43.57;42.83;43.11;548145;23640269
UNGS;0.0001;0.0001;0.0001;0.0001;6674000;667
UNTY;16.3;16.4;16.2;16.3;1600;26075
UNXL;0.778;0.7967;0.75;0.76;327454;248626
UPMKY;23.74;23.85;23.71;23.85;2504;59582
URBF;0.00077;0.00077;0.0007;0.0007;69000;49
URBN;22.24;22.84;22.16;22.31;1947653;43598031
URPTF;2.92;2.9963;2.92;2.9432;30000;89335
URRE;1.88;2.04;1.8208;1.88;2062287;3981015
USAK;7.13;7.16;7.05;7.13;63029;446882
USAP;16.95;17;16.71;17;5370;90283
USAT;4.1;4.55;3.95;4.45;648311;2800884
USEG;0.86;0.88;0.86;0.86;9224;7956
USEI;0.0006;0.0007;0.0006;0.00068;3780000;2436
USLM;78.9;78.9;78.65;78.65;881;69366
USLV;16.23;16.49;16.19;16.38;967679;15825775
USRI;0.01839;0.01839;0.018;0.018;60000;1084
UTEK;29.23;29.39;29.1325;29.38;68999;2022570
UTHR;123.29;124.28;120.97;122;588154;71962332
UTMD;60.95;61.6033;60.9;61.05;3828;234288
UTSI;1.94;1.99;1.94;1.97;45571;89844
UURAF;0.22;0.2228;0.2091;0.2228;327043;70848
UWTIF;20;20.77;19.75;20.58;120994;2485064
VALU;17.21;17.21;17.21;17.21;264;4543
VASO;0.1;0.1008;0.091;0.091;45000;4332
VCEL;2.6;2.7;2.6;2.7;448295;1183080
VCYT;8.83;8.83;8.46;8.71;121300;1048571
VDSI;12.95;12.95;12.6;12.9;159245;2030725
VECO;28.3;28.875;27.95;28.8;198387;5673254
VELTF;0.003;0.003;0.003;0.003;5000;15
VEOEY;18.52;18.52;18.36;18.36;44797;825563
VEON;3.99;4.07;3.96;3.97;3806764;15247752
VIAV;9.92;10.28;9.92;10.26;3084309;31438762
VICL;2.2;2.24;2.16;2.24;95945;209951
VICR;15.75;16.245;15.675;16.1;15997;256204
VIVO;13.1;13.55;13;13.55;263622;3502789
VKIN;0.19;0.19;0.19;0.19;5050;960
VLGEA;25.98;26.16;25.98;26.14;14120;367924
VLTC;1.07;1.15;1.07;1.15;6006;6587
VNDA;13.55;13.6;13.3;13.55;453323;6113685
VNET;5.36;5.515;5.3;5.48;338189;1836986
VNNHF;0.6236;0.638;0.62;0.62;54369;33960
VNQI;53.72;53.816;53.66;53.75;243406;13081078
VNRSQ;0.084;0.085;0.0774;0.0775;494627;39812
VOD;25.88;25.94;25.78;25.81;3133821;80993132
VOXX;4.75;5;4.7233;4.9;93229;451419
VPRO;0.003;0.0034;0.0016;0.0026;179270;427
VREX;32.83;33.15;32.7;33.11;96714;3182232
VRML;1.92;1.92;1.72;1.82;138621;252656
VRNT;41.9;41.9;40.75;40.85;984831;40551511
VRSN;87.98;87.98;87.0601;87.26;485631;42419250
VRTS;102.4;106.4;101.9;106.4;39963;4183454
VRTX;114.11;114.88;113.17;114.27;1617539;184409808
VSAT;62.3;63.56;62.3;63.27;294804;18621784
VSEC;39.57;40.4;38.9;39.53;80812;3214393
VSTM;1.88;1.91;1.73;1.89;494639;897276
VTGN;1.97;1.97;1.8;1.9488;15454;29248
VVUS;1.04;1.06;1.03;1.04;274565;286492
VWSYF;82.2999;82.3999;81.86;81.86;2825;232144
VXUS;49.51;49.5399;49.3735;49.49;512594;25354936
VYGR;13.4;13.545;12.62;12.94;60307;785803
WABC;53.79;54.63;53.4;54.24;46380;2509007
WASH;48.8;49.3;48.3;49.25;33517;1638495
WATT;14.48;14.6099;14.3;14.51;139266;2013509
WB;50.25;50.25;49.41;49.86;677431;33774989
WBA;81.2;81.91;80.92;81.66;4022938;327975729
WBMD;52.64;52.99;52.39;52.73;202623;10665325
WCFB;9.9001;9.94;9.9001;9.94;3669;36361
WCST;2.46;2.75;2.46;2.7;223121;592145
WDC;82.8;84.33;82.5;84.09;2787014;232933832
WDDD;0.0225;0.024;0.0224;0.023;330988;7625
WDFC;106.3;107.3;106.3;106.95;113700;12166795
WDRP;0.0105;0.0105;0.0087;0.00898;1134039;10588
WERN;25.8;26;25.1;25.45;1145578;29141897
WEST;0.0003;0.0003;0.0002;0.0003;563500;169
WETF;8.95;9.005;8.8;8.98;1554433;13887929
WEYL;4.15;4.17;4.13;4.13;2600;10800
WEYS;27.96;28.395;27.865;27.9;5628;157568
WFM;30.24;31.04;30.23;30.81;7955777;245076045
WGAS;0.0001;0.0001;0.0001;0.0001;1000000;100
WGPLF;0.21;0.2148;0.2071;0.2148;20700;4321
WHEN;0.00025;0.00025;0.00025;0.00025;800;0
WHZT;1;1.03;1;1.03;3566;3587
WIFI;12.8;13.16;12.74;13.13;133939;1748510
WIN;5.61;5.68;5.42;5.56;2983723;16497526
WINS;125.0562;125.25;119.01;119.1;2164;265813
WINT;1.06;1.06;0.9101;0.9251;267736;258093
WIRE;43.75;44.4;43.7;44.05;36733;1617445
WIZD;0.17657;0.17657;0.17657;0.17657;2745;485
WLFC;21.7;22.15;21.54;21.82;27136;593789
WMAR;9.19;9.3194;8.8981;9.21;55787;512204
WMGI;31.17;31.27;30.89;30.98;983707;30514701
WMTM;0.00579;0.00579;0.005;0.005;232175;1289
WNBD;0.0002;0.0002;0.0002;0.0002;1591400;318
WNDW;3;3.04;2.95;2.98;18817;56596
WNEB;9.95;10.2;9.9;10.1;41572;420107
WOOF;91.68;91.96;91.6;91.85;788226;72342232
WPCS;1.2963;1.33;1.2885;1.33;11528;14957
WPPGY;106.91;107.34;106.65;106.78;61005;6523651
WPRT;1.2;1.21;1.11;1.15;752625;868171
WQNI;0.003;0.003;0.003;0.003;1000;3
WRAP;0.02495;0.02495;0.0212;0.0212;36500;810
WRLD;50.38;51.8484;49.37;51.54;76288;3915343
WSBC;37.05;37.46;36.8;37.27;49313;1833381
WSCI;3.2893;3.3;3.2893;3.3;3200;10539
WSFS;45.3;46.25;45.25;46.1;93012;4270824
WSTC;23.64;24.025;23.64;23.99;137477;3293591
WSTL;0.62;0.68;0.611;0.6585;139427;90141
WTBA;22.9;23.2;22.75;23.1;13629;313755
WTFC;67.07;68.8399;66.52;68.64;405174;27575995
WYNN;116.18;118.57;116.08;117.85;1594139;187835050
XCRA;8.82;8.91;8.69;8.88;228745;2021099
XDSL;0.00001;0.00001;0.00001;0.00001;59300;1
XGTI;1.47;1.5;1.45;1.48;139661;207848
XIV;71.84;73.8496;71.35;72.3;13408066;972953434
XLNX;56.64;56.64;56.13;56.34;2402545;135341307
XOMA;6.46;6.56;6.3;6.36;52997;339267
XONE;9.55;9.75;9.35;9.67;129773;1239736
XPER;32.55;33.1;32.2;33;547085;17938673
XRAY;62.05;63.15;61.88;63.04;1511597;95034527
XSNX;0.0012;0.0015;0.0012;0.0014;184100;263
XXIA;19.6;19.65;19.6;19.65;379113;7440781
YARIY;39.04;39.04;39.04;39.04;168;6559
YHOO;46.38;46.43;46.04;46.28;3860552;178648350
YIPI;0.6402;0.6402;0.6402;0.6402;1700;1088
YNDX;22.7;23.16;22.7;22.9;1362826;31202965
YORW;34.85;34.85;34.3;34.75;16137;558760
YRCW;10.71;10.88;10.51;10.65;238745;2540161
YTEN;0.39;0.4;0.39;0.39;23260;9133
YY;46.45;46.87;45.8;46.43;583843;27041996
YZCAY;8.62;8.77;8.62;8.725;8484;73887
Z;33.52;33.97;33.32;33.91;833143;28116876
ZAAP;0.01949;0.0197;0.01949;0.0195;159108;3103
ZBRA;90.5;93.27;90.1711;92.73;171863;15841061
ZDPY;1.33;1.34;1.33;1.34;4027;5378
ZEUS;18.34;18.47;17.57;18.21;232282;4163129
ZFGN;4.95;5.03;4.9;4.97;112692;557762
ZG;33.5;33.8725;33.37;33.75;211488;7130810
ZGNX;10.25;10.65;10.2;10.45;144176;1506751
ZION;41.1;41.64;40.62;41.5;1792466;73930702
ZIOP;6.26;6.3;6.03;6.13;736680;4504523
ZIV;60.97;61.77;60.88;61.2533;19075;1170893
ZIXI;4.78;4.84;4.77;4.81;198534;954383
ZLTQ;56.41;56.48;56.41;56.44;3470797;195879173
ZN;1.2;1.21;1.1718;1.19;51497;61257
ZNGA;2.81;2.82;2.78;2.8;4565769;12778893
ZNNC;0.006;0.006;0.005;0.005;50000;280
ZUMZ;16.3;17.75;16.3;16.8;706928;11999416
